30.56257514996105
31.432461250005872
31.45669020996138
31.73489957000129
32.49449725000886
32.26005194999743
32.554688320014975
33.14428167002916
32.90792994994263
33.66101523999532
33.35908762004692
33.39173087995732
33.20312901996658
33.79048443995998
33.77041708998149
34.10531681001885
34.453446000043186
34.3487017499865
34.803882999985944
34.55340579996118
35.062922590004746
35.10196283001278
35.10837426998478
35.17115908005508
35.340375769956154
35.278155479973066
35.69887674006168
35.85283883003285
35.760845500044525
35.96308027001214
35.9218991400121
36.18995677999919
35.861561659985455
36.35538048001763
35.87574365999899
36.46084347004944
35.8235909799987
36.330162240046775
36.13603972000419
35.89656434000062
35.660501930033206
36.147936760025914
35.94339741997828
36.39090357995883
36.35010506994149
36.51449238001078
36.362474339985056
36.02500282002438
35.757011140012764
36.339293380005984
35.74072627998248
36.040280390006956
35.73372142003791
36.035642479982926
35.31534722998913
35.350899120021495
35.12194059003377
35.37925541000732
35.026011890004156
35.53361918005976
35.12915496001369
35.73565621001762
34.659262760033016
35.26696850996814
34.51500570998178
35.2719602399884
34.67413063001004
35.25958673999412
34.52130550002039
35.15011418006907
34.25301406998187
34.808683800001745
34.50717703002738
35.11202633999346
34.7532723799668
35.456324059996405
34.64192883999203
35.543579350051004
35.15460343005543
35.877247440002975
35.048407150025014