0.0
1.118033988749895
1.0
2.23606797749979
0.7071067811865476
2.23606797749979
2.9154759474226504
2.23606797749979
3.2015621187164243
3.0413812651491097
3.3541019662496847
3.905124837953327
2.8284271247461903
4.301162633521313
4.031128874149275
5.1478150704935
5.0
4.47213595499958
6.103277807866851
6.020797289396148
6.726812023536855
7.158910531638177
5.656854249492381
7.211102550927978
6.103277807866851
6.800735254367722
8.5
9.013878188659973
8.94427190999916
8.5
9.486832980505138
8.74642784226795
7.615773105863909
9.486832980505138
10.44030650891055
8.54400374531753
8.246211251235321
8.558621384311845
9.962429422585638
9.82344135219425
9.340770846134703
8.94427190999916
9.848857801796104
11.423659658795863
9.617692030835672
10.198039027185569
9.013878188659973
10.307764064044152
8.73212459828649
10.198039027185569
8.73212459828649
9.513148795220223
9.82344135219425
10.44030650891055
10.111874208078342
10.198039027185569
9.617692030835672
9.219544457292887
10.04987562112089
10.307764064044152
10.04987562112089
9.219544457292887
9.962429422585638
9.513148795220223
9.12414379544733
9.219544457292887
9.013878188659973
8.558621384311845
8.06225774829855
7.762087348130012
7.158910531638177
7.566372975210778
7.158910531638177
8.139410298049853
6.670832032063167
7.0178344238090995
6.519202405202649
6.576473218982953
6.519202405202649
7.0710678118654755
2937.2095601097312
2937.2095601097312
2937.2095601097312
2937.2095601097312
2937.2095601097312
2937.2095601097312
2937.2095601097312
2937.2095601097312
2937.2095601097312