2.0
3.3541019662496847
3.0
3.1622776601683795
2.9154759474226504
3.1622776601683795
3.8078865529319543
2.23606797749979
3.3541019662496847
2.5
4.272001872658765
3.5
3.605551275463989
3.8078865529319543
3.3541019662496847
2.5495097567963922
3.1622776601683795
2.8284271247461903
3.640054944640259
4.272001872658765
4.924428900898052
3.3541019662496847
5.0
4.47213595499958
6.020797289396148
5.315072906367325
4.716990566028302
4.716990566028302
5.385164807134504
6.103277807866851
4.242640687119285
7.7781745930520225
7.211102550927978
5.656854249492381
5.830951894845301
7.615773105863909
7.280109889280518
6.800735254367722
7.632168761236874
7.905694150420948
9.340770846134703
10.770329614269007
9.848857801796104
9.617692030835672
8.860022573334675
9.219544457292887
10.688779163215974
11.10180165558726
11.543396380615196
11.045361017187261
11.884864324004713
11.510864433221338
12.589678312014172
12.165525060596439
8.139410298049853
9.219544457292887
9.82344135219425
9.219544457292887
9.219544457292887
8.73212459828649
7.280109889280518
7.615773105863909
11.236102527122116
9.617692030835672
9.656603957913983
10.0
9.17877987534291
9.013878188659973
7.810249675906654
9.604686356149273
10.307764064044152
8.200609733428363
9.7082439194738
9.7082439194738
10.977249200050075
10.965856099730654
10.51189802081432
9.013878188659973
9.617692030835672
10.295630140987
11.661903789690601
12.083045973594572
7.5
10.770329614269007
10.307764064044152
9.300537618869138
7.810249675906654
8.5
9.617692030835672