0.04625800000212621
0.04466238999157213
0.04573578997224104
0.0462211999547435
0.070656450043316
0.07086697005433962
0.046341600027517416
0.04631370000424795
0.04595188001985662
0.046246099955169484
0.04467947997909505
0.0450720899971202
0.04627770998922642
0.021839429973624647
0.02196534005634021
0.02176032998249866
0.03298395000456367
0.03224365005735308
0.021767240032204427
0.02227044002211187
0.021849330005352385
0.022161640008562244
0.022465239962912165
0.02209713995398488
0.024787270012893714
0.030284929962363094
0.02230635000159964
0.023396940014208667
0.022957750043133274
0.022253540009842254
0.021733929970650934
0.02176681999117136
0.021828929966432042
0.02191403997130692
0.021937139972578734
0.022157029961817898
0.0219430399738485
0.02182472999265883
0.021969439985696226
0.02178132999688387
0.021786729994346388