0.7797271438018188
0.7211892790920611
0.7941964848931979
0.7661421257250194
0.7081425144277839
0.7806191493497732
0.7739706325976473
0.7483881470100034
0.7216933238730873
0.7636698207901716
0.77719044657864
0.8005778106990291
0.7689512528783992
0.8012942058469137
0.7802256381948004
0.744144116343643
0.7849490754737505
0.7472125877339832
0.766873738718799
0.7834619695875499
0.7704993193936507
0.7737167057204638
0.7684016375158161
0.8095403710809603
0.7767611498216924
0.8175442984659071
0.837006105627646
0.7561875066244985
0.7756967533289147
0.7956757275380787
0.7833191846820553
0.7901935079478435
0.8283722261260592
0.8099551539173261
0.8107832197780708
0.8423640819053712
0.8002058278909888
0.7726819892206478
0.8589843178206126
0.819291453823429
0.7657226640508255
0.7693846103953066
0.8176168134361831
0.8328617020597021
0.8155576132945157
0.8256248216326657
0.8178196585160469
0.7801434987657233
0.7871073961892935
0.7613395173220954
0.8299198609181109
0.8341240017139608
0.8084104080268066
0.7429044987535715
0.8217129723060193
0.775845377358152
0.8014154068894987
0.778650245850624
0.7678753419647188
0.763700338897516
0.8425163990329384
0.7870649461538696
0.8036976401445359
0.8459595525428443
0.818935120331526
0.7982128005277496
0.8092790503438934
0.7816997822448046
0.8177046823590082
0.817789235223198
0.8117406044004737
0.7928275779200102
0.8232340088442339
0.7705875002999486
0.7840732017835382
0.8470241739244552
0.8880106309169176
0.8474076693830374
0.8371028769071706
0.7410516590354916
0.8075882646180287