0.9542909451958532
0.9101012300427216
0.9243117845940799
0.8525672518069005
0.8810390794689257
0.8835029690397895
0.8216603181499331
0.8767125019340759
0.8535271106675455
0.8671109875979215
0.7947092860271242
0.8294417304222802
0.8352960247432688
0.8031438384806325
0.826339929073411
0.7890185093084063
0.7734411346205234
0.779936085738188
0.7099754882228697
0.6955387301566296
0.6726319247390806
0.6781798512341246
0.6834289351189345
0.6686720354774656
0.6777213427677534
0.6568489860970869
0.6319104051765293
0.6297352932122711
0.5952242106035427
0.5920630932689998
0.6365447848732196
0.6085901456696723
0.6172378422733868
0.5601360104722042
0.5776858658906647
0.5938361952284882
0.5508703385550644
0.5577275813554147
0.5068592729239697
0.5361690564794246
0.5375646654397348
0.5224815118929043
0.4796587207586736
0.4785667149816514
0.4617492430184798
0.4637673597103364
0.4629760206181086
0.442940298007813
0.42731742753016017
0.4075460243237787
0.4126042265571963
0.4076195720841942
0.3935579785430719
0.38009108674743314
0.3735410006014777
0.37966602378230446
0.3685799658679434
0.3565129326814291
0.35694609704952185
0.3451947689767263
0.31972393454295733
0.32468094117426977
0.30501128149458473
0.2853164124048488
0.28795070007439155
0.28268569514473385
0.26852455943660597
0.2677091679529729
0.2533748911083824
0.2586281672081847
0.2496693874573266
0.23016530341088362
0.24627894314479487
0.22854175895472897
0.22587945925322697
0.2165951590091552
0.20537550399642054
0.1946435320057704
0.19915269670847935
0.19509322367862658
0.19012944364532122
0.19345111695316922
0.17548252695080013
0.17972371875468052
0.16993576725961307
0.16804158237396497
0.1537644676095673
0.14184900885819846
0.1598289721738897