11.053428069935762
10.770818649980356
10.685276179938228
10.712939200020628
10.651387679972686
10.717410950019257
10.674227560011786
10.764365689974511
10.73902440002712
10.806906779980636
10.764221400022507
10.861362499999814
10.788776580011472
10.87757627996325
10.804674859973602
10.877001589979045
10.817163519968744
10.896439110001666
10.844394140003715
10.911010170020745
10.83561193998321
10.937482590015861
10.855352860016865
10.923906640018686
10.847306070063496
10.921277410016046
10.880693150029401
10.974987339941435
10.924227440045797
11.0194946500269
10.930615430042963
11.006274510000367
10.900152379981591
10.942437769990647
10.901534320000792
10.99296205000428
10.98472566001874
11.014503199985484
11.15333970003121
11.039032070038957
10.924244790003286
11.20608680001169
10.954581629994209
11.009948469945812
10.94968767996761
11.01699484999699
10.93031926000549
11.050264739969862
11.02323694001825
11.058860630000709
10.972613640042255
11.053029670001706
11.010258789974614
11.086113350029336
11.010521010030061
11.097519179966184
11.003933230022085
11.089435100002447
10.981397369978367
11.049663250014419
10.993023890041513
11.062956810055766
10.989559270019527
11.04503360002127
10.985566640010802
11.070812399993883
10.987467049999395
11.062168610005756
10.968626350004342
11.014106160000665
10.90314680004667
11.010704029977205
10.921380719955778
10.991689410002436
10.953749689942924
10.997352690028492
10.926885080043576
11.032105580015923
10.943110669977614
10.998917010001605
10.892556690014317
10.969781489984598
10.892930999980308
10.982008919963846
10.9032762300194
10.987376580014825
10.924623980026809
11.020439159983653
10.923273869993864