24.999203810002655
24.70793287997367
24.5791390100203
24.464116509989253
24.52874504000647
24.991870049998397
24.900609830001486
25.022812560055172
24.891342760020052
24.681757430007565
24.71158505999483
24.98065843996301
25.152140559948748
25.351207700005034
25.17841822002083
24.763189619989134
25.341717199989944
25.345069219983998
25.524173230005545
25.21178766997764
25.35589125000115
25.351878870060318
25.151273159935954
25.436947630005307
25.219360909977695
25.35201387006964
25.1945690499997
25.269766330020502
25.28266984001675
25.116648229959537
25.265974100038875
25.24150725999789
25.092092170016258
25.140607010034728
25.2847286999895
25.121200930007035
25.164434510006686
25.441153089996078
25.179015649991925
25.487784080032725
25.1758510399668
25.505003639991628
25.256119049954577
25.40752152002824
25.231553690027795
25.361039720010012
25.292707760017947
25.395291570021072
25.2378756699909
25.24085806995572
25.465438929968514
25.362795269975322
25.321216070005903
25.13404340003035
25.34067774002324
25.469154250022257
25.405737750043045
25.27596589003224
25.35394208993239
25.391271019980195
25.06326169001113
25.169608930009417
25.313863229966955
25.331207499984885
24.987548499993864
24.976196529969457
25.213111020057113
25.17960070996196
25.435124229989015
25.21846021001693
25.200872479981626
25.241582239978015
25.18729227995209
25.075011429944425
24.885514449997572
24.752599749990623
24.913108719993033
24.938070419957512
25.212543250017916
24.892939810015378
24.942553579967353