0.8302671367452654
0.8007317283170615
0.6962706738792206
0.6823186099567391
0.5971215925650395
0.5877590633956199
0.6214653799954141
0.6213852032857473
0.5978666906870101
0.6656123882238468
0.7453573349941768
0.7005443217366291
0.6890391231710765
0.6805368654588255
0.7216732689370878
0.6595869733281311
0.6674631979156491
0.7608166861776332
0.6719043827419905
0.6699453770733524
0.6865813354408703
0.6098142270461294
0.6462246874239508
0.6907972867400188
0.749435291272002
0.761629360923934
0.7457420626720609
0.8163725810569009
0.7442167717701407
0.7567613657945672
0.6998948382738805
0.6722211918495911
0.8029816036342924
0.7662105048739015
0.7339815410832201
0.7667652496973558
0.8238853163777271
0.8347347879785351
0.7002132990477247
0.4170064065230045
0.33333333333333287
0.3423618634886236
0.34712816654125866
0.6573333027321384
0.6885589294068344
0.7055855883221527
0.5759224842929956
0.5826472680024789
0.45775913720790873
0.8677002136275518
0.8374377195969425
0.8588116742792515
0.8847628179633145
0.8760184928911575
0.8447009342226821
0.8332289996547696
0.6451758948564873
0.5930753564154773
0.3970223325062035
0.36635383583830183
0.7438190426091515
0.7689310747192393
0.7395033860045128
0.7395033860045128
0.6821803822015369
0.6478547815225721
0.6590300938979434
0.7264718323150264
0.34738186462324394
0.3189695675867023
0.34711845230890714
0.3672264323842361
0.36692409123593545
0.700071705148428
0.7673192169396704
0.7263342781755451
0.7445030149617589
0.6193327630453376
0.5489006823351021
0.577352472089314
0.5765945487082054
0.5665699045246089
0.558352402745996
0.5874799357945432
0.42780748663101603
0.43097643097643096
0.44697885375517016
0.41518668929859803