5.352319000012358
5.120098429979407
5.101054420010769
5.114764969985117
5.136455920001026
5.184812660008902
5.191921950026881
5.23461700999178
5.287609799997881
5.274891459994251
5.284920970007079
5.279013700055657
5.303553190024104
5.296025799980271
5.27502666998771
5.272234029980609
5.275306570038083
5.288296510043438
5.278071790016838
5.276907790030236
5.289566729989019
5.295465979943401
5.303371990012238
5.371769340054016
5.340313199994853
5.350977510024677
5.347143680046429
5.352095729977009
5.338537389980047
5.317163530053222
5.340435209946008
5.344822750048479
5.366048780051642
5.365396970009897
5.37980853994668
5.386054310001782
5.423912940023001
5.435219849969144
5.47687111000414
5.4570740000053775
5.460450750033488
5.473144880015752
5.49632403999567
5.445041769999079
5.411995499962359
5.459350040036952
5.446898299996974
5.463785989995813
5.417010059973109
5.442173539995565
5.408095960010542
5.463726189991576
5.3907359699951485
5.405452630002401
5.376539720018627
5.416398159941309
5.503821629972663
5.630982160000713
5.5132158400374465
5.594972339968081