2.418729630007874
2.4223344000347424
2.4316135800472694
2.429800879981485
2.4211569600447547
2.412178680024226
2.3806830200192053
2.3835180400055833
2.402439760044217
2.4490743699425366
2.3930705599923385
2.389619519963162
2.4040357600460993
2.3919401499733794
2.3950718800188042
2.379796390014235
2.3758235699642682
2.3762065500341123
2.3720128199784085
2.3783813000045484
2.3968221899849596
2.3904248100006953
2.3807324199879076
2.4007106399949407
2.3883847900287947
2.384212260003551
2.3818190400197636
2.389148110014503
2.376235660049133
2.3720632199547254
2.3800758099969244
2.3826213400025154
2.385586769960355
2.3858978600037517
2.367974279986811
2.383825249999063
2.383107139976346
2.3792438999953447
2.3785918799694628
2.381392320021405
2.3722079299477628
2.373305840010289
2.377588180024759
2.367582879960537
2.3745187500026077
2.374387649979326
2.3755368599813664
2.3862470699532423
2.3753810500056716
2.38750689997687
2.379486510035349
2.372198929951992
2.3768819800170604
2.387163099992904
2.3872579000453698
2.3894273200130556
2.381554329986102
2.3843807599769207
2.3900810399936745
2.3995240299700527
2.399681140013854
2.3959181900136173
2.3919304499577265
2.387041890033288
2.4357397399580805
2.3976063200097997
2.383019949993468
2.3833637600182556
2.379992610003683
2.379544600044028
2.3863551799877314
2.372819329975755
2.3850914699869463
2.384287669992773
2.3763203699490987
2.405130899933283
2.387666100039496
2.3920616699615493
2.3858127700077603
2.3900884299655445
2.3824645400600275
2.3839614800090203
2.368917790008709
2.378968300035922
2.3722753299807664
2.379861530062044
2.3765672800072934
2.379220799994073
2.3821172500174725