0.0
1.0
0.7071067811865476
1.5
2.0
2.0
2.0615528128088303
1.4142135623730951
1.118033988749895
1.118033988749895
1.118033988749895
1.5
1.5811388300841898
3.1622776601683795
1.4142135623730951
2.0
1.8027756377319946
0.7071067811865476
1.8027756377319946
1.5
2.0615528128088303
2.5
2.0615528128088303
2.0
1.8027756377319946
1.118033988749895
2.692582403567252
1.118033988749895
2.5
2.5
2.0
2.5495097567963922
1.118033988749895
2.1213203435596424
2.5
1.5811388300841898
1.118033988749895
1.5
2.5495097567963922
4.031128874149275
2.5495097567963922
1.5811388300841898
3.1622776601683795
1.5
2.1213203435596424
1.118033988749895
1.8027756377319946
2.0
1.118033988749895
1.118033988749895
1.0
1.118033988749895
1.8027756377319946
2.5
0.7071067811865476
0.5
1.8027756377319946
1.5811388300841898
3.2015621187164243
1.8027756377319946
3.5355339059327378
2.692582403567252
3.0413812651491097
2.0615528128088303
3.640054944640259
2.1213203435596424
2.9154759474226504
2.5
3.0413812651491097
2.23606797749979
2.5495097567963922
2.0615528128088303
3.0413812651491097
1.8027756377319946
4.031128874149275
2.5495097567963922
3.5
4.272001872658765
3.0413812651491097
2.692582403567252
4.031128874149275
4.123105625617661
3.0413812651491097
3.5
3.5355339059327378
4.123105625617661
4.527692569068709
5.0990195135927845