26.16938188999484
26.24049390993605
25.361317150018294
25.77756989005138
25.385254259963403
25.749174109951127
25.886633490008535
25.471609989981516
26.283985449990723
26.332536109985085
26.28409917000681
25.482151989999693
25.52296458001365
26.177899809990777
25.947239519955474
25.310321310025756
26.26065791999281
25.735083859981387
26.341539260029094
25.173012200029916
26.206218680017628
25.214743510005064
25.133157820018823
26.330498430033913
26.185389000020223
25.45179458000348
25.30190967998351
25.285630520011182
26.056933399959235
26.221518899983494
25.4638408000028
26.17210536998755
26.27001778993872
25.257446609975887
25.265206010008114
25.92891607004276
25.666755810016184
26.338028350000968
25.0689375300135
25.449188859929563
26.035744469991187
26.21488042001147
25.996609249996254
25.404109730006894
26.13312732995837
26.30956275999779
26.311141289988882
26.2030267699447
25.308198710044962
26.014185460007866
26.356235970015405
26.256970739996177
26.308821970014833
25.207433120012865
25.275862029957352
25.36707908002427
25.52371507001226
25.75666884004022
25.901881899990258
26.52554943000723
26.500077939999755
26.515369339977042
26.614087280031526
26.85977228997217
26.459438860038063
25.753847809974104
25.82907140000316
25.97412994997285
26.120878050060128
26.84657044002961
26.829620339995017
26.74217375999433
26.245927620038856
26.779970829957165
25.90692649006087
26.62814604002051
26.772384979994968
26.817834319954272
26.04626273001486
25.791897859962774
25.97997660006513
26.830563909970806
26.54450337002345
26.395188980022795
25.77418011998816
26.243143459942075
26.660287839986267
26.49322374003532
26.589108449989