0.6828802500240272
0.632946149999043
0.4922896999778459
0.49319772006128915
0.4830787099490408
0.511409509999794
0.5152721299964469
0.49771527999837417
0.4937913199682953
0.9533707000082359
0.767579309977009
0.7613435499661136
0.7888273300341098
0.6626442400011001
0.5074119599885307
0.8881905399903189
0.6755497799895238
0.7000051200157031
0.8768435299862176
0.6991192099667387
0.7919401599792764
0.9205706699867733
0.9139714099728735
0.8951118100230815
0.9151612099958584
0.8927545800543157
0.9024492799653672
0.9038625099492492
0.8506193599896505
0.9047744099370902
0.9086198300065007
0.8874676399864256
0.8965293299843324
1.1520493300486123
0.9079769500385737
1.081704109965358
0.9118574699823512
1.0075568599859253
0.9064217299601296
0.9191829599876655
1.033016020010109
1.0029313099948922
0.9067055100604193
0.9392409700376447
0.869152649975149
0.9149845099454978
1.1151880599936703
1.0510319099557819
1.0824153199791908
1.1307130199566018
0.8961104199988768
0.9171134400094161
0.9262939300242579
0.8346127000550041
0.9025187000224832
0.9166268400440458
0.9197441599826561
1.0592361699673347
0.9050226300314534
0.9168338300514733
0.9142058099678252
0.9009778900508536
0.940872089995537
0.8909662599762669
0.7345286799682071
0.7861701100046048
1.0131424199789762
1.089130290056346
0.9318528899893863
0.8725285899708979
0.7486839199555106
1.0260373499477282
0.7460502999310847
0.8991639599844348
0.9176908399967942
0.9101072799967369
0.8063566100463504
0.679975840030238
0.7113237400335493
0.7194527300453046
0.7051839800260495
0.6687676000001375
0.6815236400143476
0.9803087900218088
0.6576371000119252
0.8913365899934433
0.8621473800303647
0.8465394200175069
0.8707539700117195