0.629455696275167
0.6193732607174481
0.5996224758229427
0.6009500182419818
0.6146900884176945
0.6947890441628553
0.6814489528164553
0.5913720129353504
0.6402448815712167
0.6215965224728633
0.6517748748535271
0.5796027827965193
0.43268888107635245
0.35678966019884645
0.48082927775431406
0.5003537133395196
0.507221895400051
0.4640840860978554
0.41130359066596517
0.2862627268080384
0.0
0.0
0.0
0.0
0.0
0.0
0.0
0.0
0.0
0.0
0.0
0.0
0.0
0.0
0.0
0.0
0.0
0.0
0.0
0.0
0.0
0.0
0.0
0.0
0.0
0.0
0.0
0.0
0.0
0.0
0.0
0.0
0.0
0.0
0.0
0.0
0.0
0.0
0.0
0.0
0.0
0.0
0.0
0.0
0.0
0.0
0.0
0.0
0.0
0.0
0.0
0.0
0.0
0.0
0.0
0.0
0.0
0.0
0.0
0.0
0.0
0.0
0.0