0.718335687557309
0.5744899122307079
0.5993256570996229
0.43123543123543123
0.7796101949025487
0.7247006169643712
0.7602339181286549
0.8012326656394453
0.7582711524218154
0.7615881280910035
0.7102272727272727
0.6992187276954553
0.8721872187218722
0.46142754145638065
0.5116489832601396
0.5485289198064017
0.5448751498056631
0.43993705634408753
0.0
0.0
0.0
0.0
0.0
0.0
0.0
0.0
0.0
0.0
0.0
0.0
0.0
0.0
0.0
0.42407480574213013
0.5298521755299895
0.8256107834877844
0.698005698005698
0.695375695465217
0.6602932489972899
0.6345739378888314
0.705299665923112