0.5
1.5811388300841898
1.118033988749895
1.0
1.5811388300841898
1.5
2.5
3.2015621187164243
3.605551275463989
3.1622776601683795
3.3541019662496847
4.272001872658765
6.324555320336759
10.198039027185569
12.589678312014172
12.36931687685298
6.5
27.004629232781554
25.51960031034969
19.60229578391266
17.867568385205637
2937.2095601097312
2937.2095601097312
2937.2095601097312
2937.2095601097312
2937.2095601097312
2937.2095601097312
2937.2095601097312
2937.2095601097312
73.36381942074718
78.23042886243178
82.84020762890445
89.16978187704622
93.74433316206373
99.71083190907596
104.30723848324239
109.288608738514
117.34564329364768
126.20717095315939
133.51498043290871
144.14662673819322