0.9423044499999378
0.9891041600349126
0.9406889200181467
0.927576379981474
0.9447241699672304
0.9235228499892401
0.9389002099487698
0.9264075700048124
0.9374420099629788
0.9199575900129275
0.9903457800101023
0.9202792900032364
0.9386916999937966
0.9243288399738958
0.9381854900129838
0.9214296199934324
0.9398223299649544
0.9222316199884517
0.9394505099771777
0.9259695599757833
0.9400073300639633
0.9223061199736549
0.9946067399869207
0.9212993099936284
0.9044286299467785
0.9235902499494841
0.9022492000076454
0.9226662299624877
0.9004298900254071
0.9297927000443451
0.8998811800120166
0.9285275999718579
0.8981887600384653
0.9290188899467466
0.9514077499625273
0.9200451899960171
0.9361139700195054
0.921009919984499
0.9417062399734277
0.9228187299595447
0.9421306500007631
0.9189381900068838
0.9383777999755694
0.9227509300399106
0.9388174999912735
0.9193248900555773
0.9427833500376437
0.9198109900171403
0.9390908200293779
0.46619376000307966
0.4807462300232146
0.463792239970644
0.48026522003056016
0.4633052400458837
0.4843602799519431
0.46338913998624776
0.4806751299474854
0.46262472998932935
0.4799515200284077
0.4648917600570712