0.813953488372093
0.7183098591549296
0.813953488372093
0.7546728971962616
0.6971830985915493
0.7906976744186046
0.7718040621266428
0.7718040621266428
0.6541850220264317
0.7546728971962616
0.7324766355140186
0.75
0.7718040621266428
0.7906976744186046
0.7727272727272727
0.7034482758620689
0.7768691588785047
0.7165714285714285
0.7546728971962616
0.7546728971962616
0.7165714285714285
0.7382857142857143
0.7546728971962616
0.7727272727272727
0.76
0.813953488372093
0.8571428571428571
0.7034482758620689
0.7013422818791947
0.7067833698030634
0.7382857142857143
0.76
0.7727272727272727
0.7727272727272727
0.75
0.8191126279863481
0.7777777777777778
0.7225950782997763
0.7608695652173914
0.7608695652173914
0.7225950782997763
0.7768691588785047
0.7555555555555555
0.7777777777777778
0.8
0.8
0.7438894792773645
0.76
0.7430167597765364
0.7768691588785047
0.8181818181818182
0.7817589576547231
0.726775956284153
0.7816901408450704
0.8372093023255814
0.7651006711409396
0.8034285714285714
0.7651006711409396
0.7651006711409396
0.743847874720358
0.7643312101910829
0.8
0.7954545454545454
0.7847295864262991
0.7128309572301426
0.7676348547717843
0.7276507276507277
0.782608695652174
0.7643312101910829
0.7476635514018691
0.8843537414965986
0.8
0.7147335423197492
0.7154811715481172
0.8626560726447219
0.7157057654075547
0.7676348547717843
0.8234019501625135
0.8843537414965986
0.7651006711409396
0.7817589576547231