0.0
0.5
0.0
0.7071067811865476
1.0
1.5
0.5
1.118033988749895
0.7071067811865476
0.7071067811865476
0.5
0.5
1.118033988749895
0.5
0.0
1.0
1.118033988749895
0.7071067811865476
0.7071067811865476
0.7071067811865476
0.7071067811865476
1.118033988749895
0.7071067811865476
1.0
0.7071067811865476
1.0
1.0
1.0
1.118033988749895
0.0
1.118033988749895
1.5811388300841898
1.0
0.0
0.5
2.0615528128088303
1.4142135623730951
1.5811388300841898
1.5811388300841898
0.7071067811865476
0.7071067811865476
1.118033988749895
1.118033988749895
1.4142135623730951
2.1213203435596424
1.118033988749895
1.118033988749895
1.5811388300841898
1.4142135623730951
1.118033988749895
2.0
1.118033988749895
1.8027756377319946
2.0
1.8027756377319946
1.5811388300841898
2.5495097567963922
1.5811388300841898
0.7071067811865476
1.8027756377319946
2.5495097567963922
1.8027756377319946
2.692582403567252
2.0615528128088303
1.4142135623730951
2.1213203435596424
1.5811388300841898
1.0
0.7071067811865476
1.118033988749895
1.5811388300841898
1.5
2.0615528128088303
2.0
1.118033988749895
1.0
2.5
3.0413812651491097
2.5495097567963922
1.5811388300841898
1.118033988749895