24.593962379949517
24.5221304900042
24.53831082995748
24.378077290020883
24.457072889999836
24.472663429987733
24.475086320017
24.58628297994437
24.532924379964243
24.67804509004054
24.75704409996979
24.63587425998412
24.791350800005603
24.800860460018157
24.737332450022222
24.60947164996469
24.759012009963044
24.853080380053143
24.92268668996985
24.729632289963774
24.940941909953835
24.860428710017004
24.60667307001131
24.910401879969868
24.829957380061387
24.967553120004595
24.88880554003117
24.82567711995216
24.866443220016663
24.769785349999438
24.77952572000504
24.760316270039766
24.774243579959148
24.858030039977166
24.705383050022647
24.599187790008727
24.79270912001084
24.99932118000288
24.59563951997552
24.827078259986592
24.66810630998225