1.2086427100439323
1.206975559980492
0.6062768199626589
0.6349602800037246
0.6044104999455158
0.6017445500037866
0.6043110000609886
0.5949072799558053
0.6087924499297515
0.5970003000402357
0.6093676599994069
0.5935158400097862
0.6068811300065136
0.5994094400375616
0.6068085200240603
0.6352218900428852
0.6059943100262899
0.6015112699969904
0.6060855100076878
0.5912235299911117
0.6033297799876891
0.5987877300503897
0.6060248200083151
0.5910544099606341
0.6043818000034662
0.6046892000449589
0.6061143199622165
0.6348740799876396
0.6023936699784826
0.6035831899498589
0.6040990800102009
0.5911871399439406
0.6040995800140081
0.6002034499397269
0.6030153699975926
0.5920742499438347
0.6091827499767533
0.6050944099843036
0.6081385300058173
0.6378135299746646
0.602198260021396
0.5894203099887818
0.6049586999870371
0.5923466500098584
0.6061367099755444
0.5946041800052626
0.6046352900011698
0.5910285300342366
0.6035487699409714
0.5924451500322903
0.6014261500240536
0.5917280400171876
0.610796369946911
0.5988398299814435
0.6104146600409877
0.5972450199624291
0.6099796599301044
0.5973635199916316
0.6099918600375531
0.5978550199506572
0.6101740700250957
0.5978651099576382
0.6081717499910155
0.5924509299802594
0.6103234800684731
0.5940418600221165
0.6107171699841274
0.5969015099981334
0.6103158600308234
0.5977097199502168
0.6014721500105225
0.5905080199590884
0.603811789987958
0.591697039999417
0.6034977800300112
0.5904731999908108
0.6021519700152567
0.5905157099914504
0.60282067002845
0.5903337200288661
0.6033458700403571
0.5911871300486382
0.6100358499679714