0.1469357700261753
0.10376121994340792
0.10145128995645791
0.10270360995491501
0.10229251995042432
0.10556403001828585
0.10721483005909249
0.10751755995443091
0.10615244005748536
0.1075324399425881
0.10550654005783144
0.14513564005028456
0.1059231399995042
0.10252590000163764
0.10305212003004272
0.10279570997226983
0.10229040002741385
0.10808756000187714
0.14625955998781137
0.10758094998891465
0.1039438099542167
0.10438222998345736
0.10314081999240443
0.14587283993023448
0.10916844999883324
0.10223660996416584
0.10260341005050577
0.10257759000523947
0.1026232200092636
0.10328281998226885
0.14590113998565357
0.10873715000343509
0.10744235005404335
0.11373931003618054
0.11078645999077708
0.14825335994828492
0.10257399997499306
0.10308082004485186
0.10353491001296788
0.10476741001184564
0.10433873001602478
0.10389961003966164
0.14593115003663115
0.10842495001270436
0.10287842000252567
0.10224441000900697
0.10243509997962974
0.14528255000186618
0.10504092999326531
0.10130918999493588
0.10187820000282954
0.10231331994873472
0.10408371999801602
0.10405740998976398
0.14819846997852437
0.10181360994465649
0.10694994001823943
0.10245760000543669
0.10274321997712832
0.14786266998271458
0.10207860002992675
0.10341069995774888
0.10791544998937752
0.10781215998576954
0.10526312995352782
0.10375010999268852
0.1501578800525749
0.10530733001360204
0.10592433995043393
0.11185259005287662
0.10971324998536147
0.1485097700060578
0.10408000998722855
0.10483003003173508
0.10359221996623091
0.10284640004101675
0.10401182000350673
0.10256571993522812
0.10249940001813229
0.10178280004765838
0.10188180996919982
0.10210550004558172
0.10274660999129992
0.10198631003731862
0.10195611001108773
0.10165808998863213
0.10232330998405814
0.10150670997973066