16.279080160020385
16.438825690056547
16.60282554999867
15.654166849999456
16.151978709967807
14.733732970053097
15.287013799970737
14.356040620041313
15.051153879976482
14.509505050009466
16.089892000018153
16.07025983001222
17.51113409998652
19.891971870019916
20.866045040020254
20.791323680023197
20.911926920016413
19.70130750996759
18.0458100100077
17.167864980001468
15.282699700037483
14.659727790058241
14.20681814001
14.656294609958422
14.20794871999533
14.239310379998642
14.135271699997247
15.377099809993524
14.817229160034913
15.977813870049431
16.266595359993516
17.41743183003564
16.79107219002617
18.016278680006508
16.58102688001236
17.28509683001903
16.218044420020306
15.813869889971102
15.74451473003137
14.565504860001965
15.70202775998041
14.114652440039208
14.520971560050384
13.882366100006038
14.343166680046124
14.683903779950924
14.681791749972035
16.65721092002059
18.286405890030437
19.579139159977785
18.46956795998267
18.51678790000733
17.99848397997266
17.111149600023055
15.584303919968079
14.63414048004779
14.07638130003761
14.552728859998751
13.991361640000832
13.85680699000659
14.49776784000278
15.193485760028125
14.995995349963778
16.944063250048202
18.299439859983977
17.62189610999485
18.235261419977178
16.019617459969595
15.829289419998531
14.40138329002366
15.390812379991985
14.979780579960789
15.547238219951396
14.647723310044967
15.17797452994273
14.40427143999841
15.632376889989246
17.32755509998242
22.819648460063036
23.446670900011668
22.87132560995815
21.828785449979478
20.855055319989333