0.9833333333333333
0.9666666666666667
0.9446297531687792
0.9142857142857143
0.8518518518518519
0.8516129032258064
0.8745247148288974
0.8396946564885496
0.8058608058608059
0.8378870673952641
0.8823529411764706
0.8450704225352113
0.7225130890052356
0.732484076433121
0.7192807192807192
0.6837606837606838
0.6923076923076923
0.6584362139917695
0.5982550893228085
0.6050420168067226
0.5707491082045184
0.5980066445182725
0.5456612353164078
0.5339265850945495
0.48896434634974534
0.4739960500329164
0.41522491349480967
0.41522491349480967
0.4078164825828377
0.3669724770642202
0.36036036036036034
0.3418803418803419
0.300187617260788
0.2857142857142857
0.291497975708502
0.23703703703703705
0.2188449848024316
0.19591836734693877
0.18461538461538463
0.17429193899782136
0.14434643143544507
0.1443609022556391
0.12903225806451613
0.11421319796954314
0.0998543790305804
0.0884575219608084
0.07658759706414212
0.06859756097560976
0.05712698853493077
0.04849464538290564
0.04004004004004004
0.03208556149732621
0.025336500395882817
0.019115890083632018
0.0
0.0
0.0
0.0
0.0
0.0