27.51363298439521
77.0211010048545
50.695167422546305
74.7295122424869
74.23779360945474
75.13321502504735
75.13321502504735
75.99506562928939
52.54046059942756
53.2024435529046
19.00657780874821
18.741664813991314
18.172781845386247
52.19434835305447
51.07837115648854
51.07837115648854
77.40316530995358
55.231331687729565
51.73490117899134
51.34685968976097
51.53882032022076
77.68043511721596
77.54031209635411
78.16009211867653
77.54031209635411
78.16009211867653
78.02083055184686
78.16009211867653
78.30229881682912
78.9255978754675
25.401771591761076
80.02812005788965
78.44743462982075
78.44743462982075
77.82351829620657
78.30229881682912
81.9084855189009
80.80377466430637
79.07275131168764
84.74963126763443
84.2748479678249
84.2748479678249
84.90730239502372
84.74963126763443
85.70005834303731
78.9002534850174
31.851216617265973
30.777426793024787
31.89043743820395
31.12073263919087
19.026297590440446
19.026297590440446
18.506755523321747
18.560711193270585
20.59732992404598
20.506096654409877
19.50640920313116
19.6596032513375
19.235384061671343
19.059118552545918
31.851216617265973
87.48857068211825
89.71203932583408
87.31551981177229
87.95737604089835
88.60022573334675
83.86000238492723
84.32822777694311
89.04212486233693
88.3911760301898
88.57906073107797
91.18113840043894
90.71521371853787
91.54780172128658
90.34655499796325
90.15680784056188
89.96943925578285
90.62008607367353
90.62008607367353
91.0
92.57699498255492