1.0
0.7071067811865476
0.5
1.118033988749895
1.0
1.5811388300841898
1.118033988749895
0.5
0.5
0.7071067811865476
1.0
1.118033988749895
3.5355339059327378
6.576473218982953
9.5524865872714
12.041594578792296
15.074813431681335
12.5
10.111874208078342
6.800735254367722
3.2015621187164243
2937.2095601097312
2937.2095601097312
2937.2095601097312
2937.2095601097312
2937.2095601097312
2937.2095601097312
2937.2095601097312
2937.2095601097312
113.94077408899766
118.29623831720095
123.3288287465668
128.55446316639495
132.55376267763958
137.8160005224357
141.44433534079758
146.42831010429643
154.50566332662373
162.8688122385621
170.47947090485704
179.95624468186705