0.0
1.5811388300841898
0.5
0.5
1.118033988749895
1.118033988749895
1.118033988749895
1.118033988749895
0.7071067811865476
1.5811388300841898
1.118033988749895
0.5
4.0
6.519202405202649
10.04987562112089
2937.2095601097312
2937.2095601097312
2937.2095601097312
2937.2095601097312
2937.2095601097312
2937.2095601097312
0
0
0
0
0
0
0
0
2937.2095601097312
2937.2095601097312
2937.2095601097312
2937.2095601097312
2937.2095601097312
2937.2095601097312
2937.2095601097312
2937.2095601097312
2937.2095601097312
2937.2095601097312
2937.2095601097312
2937.2095601097312