7.211102550927978
7.433034373659253
24.515301344262525
52.73755777432247
95.41095324961385
132.23085872821065
166.33700730745397
206.16558878726585
266.98548649692555
312.9632566292727
386.78708613396077
466.5774319445809
528.1394228799816
567.0134478123072
577.131917329132
576.9857017292543
555.8914012646715
539.6156039256092
507.5512289414734
467.3812683452344
409.62086128516455
355.14574473024453
299.94707866555393
255.75232159259082
204.84628383253624
163.46635739503097
106.93105255256772
46.02445002387318
68.37031519599716
118.33004690272035
145.68544882725934
159.70284906663375
162.0840831173746
146.2754251403837
125.89082571815946
108.72442227944924
64.60069659067153
42.08622102303793
49.51767361255979
93.59086493883898
140.47953587622646
182.6752583137629
239.51878840708926
290.31405408626017
345.0710071854777
411.1702810272163
478.1401468189008
539.3118300204437
569.1366268305002
571.349280213076
571.6959419131816
566.0708877870333
531.2553529142083
476.6009861508891
416.5795242207663
346.09861311481734
284.1852388847809
225.43568927745224
173.18270698889077
99.81232388838565
42.8981351576033
61.0122938431264
142.88806808127822
198.36393321367672
206.5871486806476
204.859097918545
190.541334098405
138.02626561636737
99.04544411531506
47.59464255564905
71.5122367151245
132.015150645674
187.47866545289892
255.07890935943723
311.94590877265887
401.4738472179726
496.01234863660403
595.0472670301075
677.7525359598443
691.500723065421
682.0001832844329
636.5196383459037
592.5303789680323