9.013878188659973
9.513148795220223
8.514693182963201
15.20690632574555
15.628499608087784
7.5
8.845903006477066
7.905694150420948
2.1213203435596424
2.23606797749979
2.5
1.4142135623730951
9.055385138137417
12.747548783981962
12.379418403139947
12.103718436910205
12.5
12.103718436910205
18.601075237738275
10.012492197250394
10.0
8.514693182963201
10.51189802081432
8.514693182963201
12.041594578792296
9.617692030835672
7.648529270389178
6.670832032063167
6.5
6.96419413859206
1.8027756377319946
2.0615528128088303
1.5811388300841898
8.0
8.602325267042627
7.5
6.020797289396148
5.315072906367325
5.522680508593631
5.024937810560445
4.031128874149275
4.123105625617661
6.18465843842649
14.713938969562161
15.508062419270823
15.033296378372908
14.142135623730951
14.142135623730951
14.080127840328723
15.033296378372908
19.981241202688086
11.5
19.1637678967368
13.46291201783626
14.142135623730951
16.80029761641144
14.508618128546908
15.033296378372908
16.0312195418814
17.18284027743958
18.027756377319946
17.11724276862369
17.67766952966369
18.0
12.619429464123963
13.46291201783626
13.46291201783626
12.854960132182441
12.649110640673518
12.816005617976296
13.0
13.601470508735444
12.649110640673518
13.46291201783626
13.285330255586423
13.46291201783626
13.601470508735444
14.230249470757707
14.560219778561036
14.866068747318506
15.231546211727817
14.396180048887969
15.660459763365825
15.660459763365825
15.660459763365825
15.976545308670458
17.240939649566666
16.492422502470642
15.660459763365825