3.605551275463989
2937.2095601097312
2937.2095601097312
2937.2095601097312
2937.2095601097312
2937.2095601097312
2937.2095601097312
2937.2095601097312
2937.2095601097312
2937.2095601097312
2937.2095601097312
2937.2095601097312
2937.2095601097312
2937.2095601097312
2937.2095601097312
2937.2095601097312
2937.2095601097312
2937.2095601097312
424.70725211608993
517.0348150753487
2937.2095601097312
2937.2095601097312
4.272001872658765
14.508618128546908
6.946221994724902
7.826237921249264
1.0
1.0
1.0
1.0
3.0
14.5
11.0
5.522680508593631
4.031128874149275
4.527692569068709
5.024937810560445
5.024937810560445
10.307764064044152
10.307764064044152
10.307764064044152
10.307764064044152
10.307764064044152
8.631338250816034
1.5811388300841898
1.5811388300841898
1.5811388300841898
4.272001872658765
8.631338250816034
7.158910531638177
1.5811388300841898
4.272001872658765
7.158910531638177
10.606601717798213
4.031128874149275
5.024937810560445
2.1213203435596424
2.5
1.118033988749895
4.031128874149275
2937.2095601097312
2937.2095601097312
2937.2095601097312
20.71834935510066
249.51352668743232
109.4177773490213
381.15384033222074
224.8043593883357
268.17391744910617
617.5698341078521
581.8977573423015
317.3279061160553
688.0261622932663
389.50770210613297
272.01654361453825
260.3852914432764
597.6614844542017
387.39546977216963
2937.2095601097312
117.10678887237921
2937.2095601097312
2937.2095601097312
17.528548142958105
10.04987562112089
10.04987562112089
2.5495097567963922
1.118033988749895
3.2015621187164243
2.0