22.86709216001327
23.028146509968792
23.698703079935513
23.9547899900208
23.028199480031617
23.17759956997179
22.91463385001407
23.71973664005054
23.925161979932454
24.449238529996364
22.79666880996956
23.59449591996963
23.88952146997326
23.327221159997862
22.11484860999917
24.314525940062595
23.542713669958175
24.343383599989465
25.109275489958236
24.068985269987024
24.284521029985626
25.15890053997282
23.76709372998448
24.366665630004718
24.34232929001155
24.339718070041272
25.1823836100084
25.790234900050564
25.26136675005546
24.52728747994115
25.077009219967294
24.25494806993811
24.91744655999355
24.38305675997981
24.29958954002359
25.647545399988303
23.72033473002375
23.57163276996289
22.40670451996266
23.641609990008874
24.7974423100095
25.67611004000355
25.164471399984905
24.53609210002469
24.766685139984475
23.967162519984413
23.755519760015886
23.626340099945082
23.835630689936806
24.14445590999094
23.873504060029518
23.351770080043934
22.96231396998337
23.061826539997128
22.888413189939456
23.090099190012552
22.871873939948273
23.869236140017165
22.93271085996821
23.116698559970246
23.912559599993983
23.564462259964785
23.684569239994744
24.1979393800284
23.356808480020845
25.056109439974534
23.19226116000209
23.47302246002073
23.486243409934104
21.505659380054567
23.163950800008024
24.232090830046218
23.18168602003425
22.240511590061942
21.060343210046994
22.812719710054807
22.340472159994533
23.51581401002477
23.591464890050702
23.573626599973068
23.24884902998747
23.13282273004006
23.87091941003746
23.246203050002805
22.713024519980536
25.02779570000712
23.481952770016505
23.348856380034704
24.440347380004823