21.54759215998638
22.457940410022275
22.800732329997118
23.579927899991162
24.128092210012255
24.30275527003687
23.341766180019476
24.05374252004549
24.709121129999403
25.14635299994552
25.353304320015013
25.469193099997938
25.74227165998309
23.700788659989485
23.554985730006592
23.942262760028825
24.760356080005295
25.28287269997236
25.762554460015963
26.819123519962886
25.87677374998748
25.069526259976556
25.379295730017475
25.96749138996529
26.861131060068146
27.796722879938898
28.30150442001468
27.859114410020993
26.8774723700335
28.17367702999036
28.755961540009594
29.267055050004274
28.73531331999402
29.324005199960084
28.782882879968383
27.000874029981787
27.080041439985507
27.545984630050953
27.89931548999448
28.177355599982548
28.784507680029492
28.579416689972277
25.833094310000888
24.908483960025478
25.24683121002454
25.801092570036417
26.563326489995234
27.29536596998514
28.381617669947445
27.26478896001936
25.545532920004916
25.93506495002657
25.82042657006241
25.924222969988477
26.325186410031165
27.266821789962705
25.36283044006268
23.09064500994282
17.88915839002584
8.92270828000619