1.0
1.8027756377319946
1.118033988749895
1.8027756377319946
2.0
2.23606797749979
2.5495097567963922
1.8027756377319946
4.47213595499958
15.976545308670458
2.692582403567252
3.1622776601683795
4.527692569068709
1.8027756377319946
3.0
1.5811388300841898
1.5
1.8027756377319946
2.5
2.23606797749979
2.692582403567252
3.3541019662496847
3.640054944640259
3.2015621187164243
4.6097722286464435
4.301162633521313
4.716990566028302
5.5901699437494745
5.5901699437494745
5.830951894845301
6.324555320336759
7.615773105863909
8.845903006477066
9.340770846134703
10.062305898749054
11.236102527122116
11.510864433221338
13.285330255586423
14.115594213493104
14.089002803605371
15.945218719101975
17.613914953808536
22.34390297150433
23.345235059857504
27.98660393831306
30.793668180325643
25.347583711273153
28.96981187374195
32.42298567374695
38.07886552931954
43.174066289845804
50.1422975141746
58.95125104694556
70.89781378857884
90.02499652874195
103.0837038527429
136.2616967456372
162.54922331404725
194.18032856085088
225.83456334228381