7.0178344238090995
7.566372975210778
7.516648189186454
8.0156097709407
9.013878188659973
9.513148795220223
8.558621384311845
7.516648189186454
7.516648189186454
8.0
7.5
6.519202405202649
7.0710678118654755
8.139410298049853
8.0
7.566372975210778
7.516648189186454
8.514693182963201
7.0178344238090995
7.5
7.0178344238090995
6.020797289396148
6.5
7.0
7.0178344238090995
6.519202405202649
7.0710678118654755
7.516648189186454
6.519202405202649
7.0710678118654755
6.020797289396148
6.020797289396148
8.06225774829855
8.514693182963201
7.158910531638177
7.0
7.516648189186454
7.0
7.566372975210778
8.381527307120106
8.06225774829855
7.0710678118654755
7.0710678118654755
8.06225774829855
8.0156097709407
8.0156097709407
7.516648189186454
7.516648189186454
8.0
8.514693182963201
7.0178344238090995
8.06225774829855
8.514693182963201
9.013878188659973
8.06225774829855
8.06225774829855
9.013878188659973
8.514693182963201
9.5
9.013878188659973
10.547511554864494
10.04987562112089
9.5524865872714
9.5524865872714
10.51189802081432
9.5
9.013878188659973
10.04987562112089
9.513148795220223
9.5
9.013878188659973
10.012492197250394
10.012492197250394
9.5
11.0
10.04987562112089
11.01135777277262
10.5
10.5
10.012492197250394
11.01135777277262
11.0
11.510864433221338
11.543396380615196
11.510864433221338
11.5
11.510864433221338
12.0