0.8248062015503876
0.7900512070226774
0.8084564442180336
0.7964601769911505
0.7394042140954227
0.6871508379888268
0.7103218645948945
0.7336860670194003
0.7555996597675078
0.7957371225577264
0.7819835680751174
0.7726597325408618
0.749691738594328
0.7391696750902527
0.6630434782608695
0.6871580302542646
0.6105640107430618
0.6684350132625995
0.6464737793851718
0.5823068309070548
0.545595453371222
0.5037458021183157
0.5051851851851852
0.4971305595408895
0.4674329501915709
0.5846913580246914
0.5027472527472527
0.44537077665642827
0.5032909170688898
0.5353225098727512
0.4951733216322949
0.45977011494252873
0.48705572619569987
0.4475647213690215
0.4772243507875692
0.4835454146555507
0.49627029398859146
0.47520842474769637
0.46687143483984206
0.4383501535761299
0.46153846153846156
0.4697802197802198
0.5502152080344332
0.4368131868131868
0.49067431850789095
0.5260640841702535
0.5432098765432098
0.5296296296296297
0.49333333333333335
0.4888888888888889
0.5296296296296297
0.539912167398605
0.5113636363636364
0.49242424242424243
0.5551948051948052
0.5593505039193729
0.5291153415453528
0.6028202115158637
0.4735605170387779
0.5094007050528789
0.5076380728554641
0.4907153729071537
0.4968036529680365
0.5151515151515151
0.5208333333333334
0.4734848484848485
0.4675324675324675
0.4831168831168831
0.4954499494438827
0.49848331648129424
0.5230987917555082
0.5344705046197583
0.5344705046197583
0.5394456289978679
0.5344705046197583
0.5099778270509978
0.5609756097560976
0.5192307692307693
0.5884615384615385
0.5817307692307693
0.6129807692307693
0.6513647642679901
0.6327543424317618
0.6004962779156328
0.618693134822167
0.6406384814495254
0.5822994210090985
0.6224152191894128