0.5276641299860785
0.514333870014525
0.5160192799667129
0.5149603699828731
0.5167264000192517
0.5161190700164298
0.5600858000252629
0.5238086700410349
0.5238846800057217
0.5161772800056497
0.516891779989237
0.5160888899990823
0.5161930800386472
0.5163506899407366
0.5190864199539647
0.5184039100277005
0.5177694000303745
0.5177736900077434
0.5684701099380618
0.5214247399999294
0.5160492900176905
0.5149306699604494
0.5190991199924611
0.5253465900023002
0.5254894900281215
0.5242170899873599
0.5246907899709186
0.532404069963377
0.5224879500019597
0.5226514700189
0.5749583900615107
0.524463179972372
0.5284325300453929
0.5281861299590673
0.5298283499723766
0.5273950200353283
0.528512429955299
0.528196319937706
0.5288852399826283
0.5281824299891014
0.528129029989941
0.5274227300105849
0.5632255499949679
0.5263861900311895
0.5245930700039025
0.5252563999965787
0.5353127000125824
0.5318451599305263
0.529087629984133
0.5293476500082761
0.5298836399742868
0.5281553099484881
0.5287574300018605
0.5287186300120084
0.5539069500082405
0.5213974499929463
0.5221132499718806
0.5235133600217523
0.5211742500250693
0.5272819100355264
0.5240600700199138
0.5282293199707055
0.5230685700371396
0.5286603399872547
0.5303354499483248
0.5277008200209821
0.5561684499843977
0.5219907499849796
0.5184731199551607
0.5151293599919882
0.5164386900287354
0.5242759700195165
0.5221723499562358
0.5237331699754577
0.5258690100163221
0.522646050012554
0.5150400700222235
0.5155846800334984
0.5164790699927835
0.5231665699830046
0.5234591800399357