23.125608959962847
23.24710139997478
23.015440150047652
23.96352277995902
23.468335240031593
23.56314944998303
23.946380449997378
22.96151889000612
23.324975150026148
23.289489779999712
22.677170149981976
23.48475837003207
23.11942229993292
23.63285316998372
22.979078339994885
22.48253471996577
23.17196060997958
23.515970920052496
22.99117964998004
23.059369119946496
23.603186050022487
22.9557071999443
24.099384660003125
23.912657370019588
23.304081300011603
23.457082399982028
23.27769420997356
23.198901630021282
23.28634093995788
23.462815630045952
23.33419094000419
23.21148782997625
23.42053020001913
23.47141938000277
23.189236050020554
23.150989760033553
23.233443120043376
22.75606554998376
23.574454769986914
23.88072450994514
23.180792050043237
23.67140730995743
23.61562830999901
23.405140140021103
24.00075867000851
23.180512970066047
22.994971410007565
23.381745029982994
23.500814129947685
23.25310142005037
22.99509748001583
23.132297690026462
22.963905350043206
23.332696840006975
23.306006900020293
23.849208770043333
22.883276540014776
23.696628889956628
22.979530740049086
24.257676749984967
23.400664739965578
23.459730219983612
23.531799249976757
23.148636920013814
23.64765857004386
23.63601691002259
22.975590439964435
23.765812100027688
22.958860880025895
23.34342188005394
23.13837388996035
22.70493775999057
22.777163589998963
23.674140029979753
23.9001508000365
22.70127930001763
22.819070990008186
23.71511219003878
23.3655981800257
22.603968330004136
22.976136860015686