5.0
5.220153254455275
5.5901699437494745
5.830951894845301
4.47213595499958
5.385164807134504
10.0
10.012492197250394
10.012492197250394
9.192388155425117
8.139410298049853
14.84082207965583
15.652475842498529
17.0
9.5524865872714
9.12414379544733
9.055385138137417
9.82344135219425
17.204650534085253
19.13765920900464
18.027756377319946
17.10263137648707
17.804493814764857
23.259406699226016
16.401219466856727
16.80029761641144
21.691011963483863
22.594247055390007
23.30772404161333
23.769728648009426
24.423349483639626
23.021728866442675
23.853720883753127
24.413111231467404
24.82438317461282
25.238858928247925
26.85609800399157
30.01666203960727
29.841246622753548
30.20761493398643
32.00390601161052
30.793668180325643
33.28663395418648
36.53080891521566
70.02856560004639
71.58561307972434
73.58328614570023
21.02974084481309
45.002777692049186
50.002499937503124
60.00833275470999
64.50193795538239
56.753854494650845
101.2780825252927
41.743262929483606
54.50917353987308
61.33718285020922
563.3296104413472
618.7059075198814
630.612598986097