6.0285993100114865
5.851107050038991
6.177887439989718
6.227089749954757
6.138629449997097
6.2433382300514495
6.166167170013068
6.114113829971757
6.131214249980985
6.190817770038848
6.2147165699570905
6.313568969999324
6.3036671499867225
6.447594799974468
6.481436419999227
6.3621543499903055
6.260001979972003
6.449768800011952
6.249086539974087
6.321977240004344
6.235574969978188
6.2487657200108515
6.230746209985227
6.1794196799746715
6.188850879989332
6.110827629963751
6.09877046001202
6.10782839001331
6.103796030001831
6.156352260004496
6.140123559962376
6.182715870018001
6.129948239977239
6.137504120051744
6.106809129996691
6.159171179970144
6.119774589969893
6.2058804399566725
6.157025640059146
6.238998240005458
6.199732259992743
6.264770339985262
6.163574700040044
6.317836300004274
6.139034579973668
6.231151219981257
6.220627170041553
6.240536319965031
6.263725410026382
6.305490089944215
6.228326670025126
6.302256859999034
6.19103669996548
6.264644490001956
6.1661141700460576
6.396936609962722
6.329591579997214
6.396749390041805
6.36265788001765
6.327786730034859
6.290400389989372
6.310749719996238
6.271839450055268
6.325001080040238
6.278144530006102
6.328910629963502
6.269826310017379
6.308243759995094
6.257618059971719
6.33991334005259
6.235260169996764
6.35093388002133
6.311148479944677
6.267000360021484
6.292012039994006
6.436338000057731
6.345011590019567
6.4722535299370065
6.398473040026147
6.5003173599689035
6.3923542499833275
6.451429070002632
6.33397302000958