1.4142135623730951
2.0615528128088303
2.8284271247461903
3.1622776601683795
2.5495097567963922
4.242640687119285
5.70087712549569
5.0
5.315072906367325
4.716990566028302
5.5901699437494745
4.6097722286464435
4.242640687119285
4.301162633521313
3.905124837953327
3.5355339059327378
3.605551275463989
2.0
3.640054944640259
3.0413812651491097
3.640054944640259
3.0413812651491097
4.0
4.123105625617661
3.640054944640259
4.031128874149275
4.272001872658765
4.272001872658765
4.47213595499958
5.220153254455275
3.605551275463989
5.70087712549569
4.47213595499958
6.4031242374328485
5.656854249492381
5.0
5.0
5.408326913195984
7.433034373659253
5.70087712549569
5.315072906367325
6.708203932499369
7.810249675906654
7.3824115301167
4.301162633521313
4.123105625617661
5.024937810560445
5.5901699437494745
5.315072906367325
4.47213595499958
4.716990566028302
3.8078865529319543
5.1478150704935
5.0990195135927845
4.5
4.0
3.5355339059327378
4.123105625617661
3.1622776601683795
4.6097722286464435
4.0
5.0990195135927845
6.18465843842649
4.949747468305833
6.800735254367722
7.211102550927978
6.726812023536855
6.020797289396148
7.0710678118654755
7.5
8.200609733428363
8.845903006477066
7.433034373659253
8.845903006477066
9.192388155425117
9.7082439194738
9.924716620639604
10.259142264341596
9.924716620639604
10.63014581273465
11.313708498984761
11.313708498984761
11.10180165558726
11.40175425099138
11.800423721205947
13.509256086106296
13.038404810405298
12.093386622447824
11.510864433221338