15.981893700009095
14.925445769986254
19.559246950011584
15.166041419943213
18.82444791997841
16.624955009974656
18.59514699994179
20.168587860025582
18.916030280015548
19.674125140008982
16.553417910035932
17.123941489990102
15.106137039983878
18.601084559995797
15.765663950005546
17.995619860012084
17.934192869943217
17.50658900004055
18.14549053000519
17.93950553998002
17.3127480000403
18.03010703995824
18.337493049984914
18.005797730002087
17.60105282999575
17.465388639975572
17.586638479988324
17.745832450018497
16.8349242000113
15.683636460016714
16.808190989977447
13.449960939979064
16.676761439957772
16.748003690008773
14.134955300032743
17.257176699931733
18.3175415200094
15.731396549963392
16.708060419987305
19.33331353997346
16.581389019993367
18.41096563002793
18.16806139999244
14.781158609985141
17.490354449982988
16.76889903996198
17.94388574999175
16.945406860031653
17.546000069996808
16.79757845995482
17.628304160025436
16.50138657001662
13.704374870067113
17.877720499964198
18.537425369941047
19.618409530012286
18.160886889963876
16.807990890010842
14.15873891004594
17.068264490008005
18.15664273002767
16.902346499991836
14.662424029957037
16.66836365002382
12.300077499967301
16.32482914996217
17.582574100015336
13.991581080044853
16.260257050016662
17.895828019973123
18.21704232999764
14.581287109976984
18.138373920010054
16.774018659998546
16.332188570013386
16.725096500013024
16.148659750033403
16.154728710025665
16.05578886999865
16.073579150033765
12.383888289987226
15.877378370059887
17.110555989929708
14.701978480006801
15.706606150051812
13.605241570039652
15.587515200022608
16.790887879978982
16.14391210998292