14.23810868000146
12.848470020035165
13.359866860046168
12.574012559998664
15.651270809976268
15.376526539985207
13.220296169965877
14.975088849969325
13.850436979992082
17.1295153999381
14.044458369971835
16.054257689975202
12.2162546999607
14.273277090032934
13.062318280062755
12.107241690027877
11.196883369993884
12.334475539973937
10.662316540037864
11.417015949991765
12.705922430031933
11.096213579949108
13.124926599994069
10.913459570001578
11.33232512001996
11.692780480007059
13.486841220001224
11.808467939990805
12.561436440009857
12.54497559995798
14.195739509959822
11.16099094004312
11.458925010010717
12.777143030034495
12.802685110000311
15.27387586000259
15.49110080995888
18.038510300029884
13.073970969999209
12.913937509947573
14.933828089997405