1.0
2.5
1.118033988749895
2.0615528128088303
1.4142135623730951
1.0
1.5811388300841898
0.5
1.0
0.5
1.5
3.0
3.8078865529319543
2.692582403567252
4.123105625617661
3.8078865529319543
5.852349955359813
5.220153254455275
7.433034373659253
7.280109889280518
9.656603957913983
9.5
9.013878188659973
11.01135777277262
12.010412149464313
12.589678312014172
14.534441853748634
14.534441853748634
15.008331019803634
17.0
19.026297590440446
19.1049731745428
20.05617112013158
21.592822881689184
24.58149710656371
27.225906780123964
28.609439001839934
28.853076092507017
31.894356867634123
34.677081768799404
35.8503835404867
41.36725758374611
42.08622102303793
43.73785545725808
46.6074028454708
49.73178058344583
55.32178594369491
62.47599539022968
70.30824987154779
79.42921376924235
91.59148432032315
103.45167954170681
108.57370768284558
127.72039774444801
151.71189801726166
153.21635030244
154.3899284279904
112.79738472145532
133.71985641631537
133.51498043290871