13.904225029982626
14.53919836996647
13.045738020009594
12.878359850001289
13.055333360025543
13.696912099985639
13.659333389950916
13.674133040040033
13.432381329985219
12.874528789980104
13.397983929971815
10.639669410011265
12.92759207994095
13.377123959944583
12.807324180030264
10.685891389948665
10.955549489954137
11.022961740018218
11.2211417099752
10.029619069973705
10.944602470044629
12.521409160035546
12.573761979947449
11.732013380024
12.827100549984607
11.743252769956598
13.263998629990965
10.531424229993718
10.925173229989014
13.133974090014817
12.522637210058747
13.156018520021462
10.225086840000586
10.409152869979152
10.947770149941789
13.574418600037461
11.361818959994707
11.146723099955125
10.371268759990926
10.418262259991025
10.798554030043306
10.14411784002732
10.386632869995083
12.883761359989876
11.986923470030888
12.629225850032526
13.18717428999662
12.172067440042156
10.855605760007165
10.962772490020143
10.385994899988873
12.748634620002122
10.041190400006599
10.709635919993161
12.83718165999744
12.31363892002264
12.971760200016433
10.650133269955404
12.327897229988594
10.604322849976597
9.962203430040972
11.226423269981751
12.759222360036802
10.816208440010087
10.461566749945632
10.0735051400261
12.157470490055857
10.508172690024367
10.367385880017537
11.907055570045486
11.097084830034873
10.326280610024696
9.413287700008368
10.112691690010251
9.804839300049935
9.424713900007191
10.06700637000904
9.807753089990001
12.140997399983462
10.568991510008345
12.136438910019933
10.126720920015941
10.291298260053736