2.461899319969234
2.4038683300022967
2.4028556299890624
2.4094236100063426
2.4171372999990126
2.4054348500067135
2.4215411699697142
2.396073250056361
2.423747770008049
2.4025644199718954
2.422710359969642
2.40922019998834
2.423944299953291
2.3973860700061778
2.480164840017096
2.3973645699879853
2.411149129984551
2.4125172400090378
2.3949039300350705
2.415064170054393
2.398310189964832
2.4161253799684346
2.3916986899712356
2.4150135699892417
2.3894417699921178
2.4079653799708467
2.450746190006612
2.413208340003621
2.39975427997706
2.4255642099888064
2.404559450005763
2.4301643500075443
2.4020047199883265
2.422513350029476
2.419083220011089
2.4224787600542186
2.4129981400619727
2.4853199900098844
2.4081956899317447
2.4305948500114027
2.4167446899809875
2.43622674002836
2.4147712600097293
2.4325135700200917
2.404295540036401
2.420208429975901
2.4137358499865513
2.432619370010798
2.407233779958915
2.4504510900442256
2.413048050002544
2.4226882599759847
2.407697679955163
2.4170478899759473
2.407643280021148
2.427491509952233
2.411572619967046
2.4242076800146606
2.4068740700022317
2.425063600021531
2.4087753100320697
2.4238872700516367
2.4063325700262794
2.4290969299909193
2.4138289599795826
2.428893039977993
2.4131075499462895
2.4209864400472725
2.399044080011663
2.4227876600343734
2.4032449300284497
2.420261829975061
2.406837170055951
2.4247934899904067
2.4087167899415363
2.4327109799924074
2.4192574199696537
2.434242900053505
2.4154892800288508
2.4176391899527516
2.4022345199773554
2.4303931499889586
2.4038205300166737
2.4185230099828914
2.4021585199807305
2.415548970020609
2.426959110016469
2.397212949945242