0.793330029991921
0.8177342099952511
0.7952896499773487
0.7985560700035421
0.830781280019437
0.8039535400166642
0.8174206200055778
0.8366819400544045
0.8035934499639552
0.8356125299906125
0.8507927100436063
0.8325082900410052
0.8123884500673739
0.8645034799701534
0.8179106000170577
0.8075949999329168
0.8271247299853712
0.7670290199894225
0.822170770043158
0.9461418299906654
0.7901938799477648
0.8260331099882023
1.0816933499881998
0.8297644599952037
0.8363099299458554
0.9750589800387388
0.8130453700141516
0.9371260300395079
0.8851832099753665
0.8428984099737136
0.8093896200443851
0.846278050012188
0.803590949944919
0.8245804000034695
0.8841333999589551
0.8350331200199435
0.8329094899818301
1.055237250038772
0.833535510028014
0.9027434099698439
0.8583433799503837
0.9001395899394993
1.0072473600303056
0.881204670004081
0.9750107699801447
0.8542853299877606
0.8897497699945234
0.8607569199375575
0.8920844000385841
0.9466240400070092
0.8227001799969003
0.9698811200360069
0.8448380399931921
0.8533824399637524
0.821019850045559
0.8813037799700396
0.8286522299749777
0.8391694699821528
0.8769226200092817
0.8532149399979971
0.8365749299991876
0.9711762399820145
0.9701969299931079
0.9456461200170452
0.948505260021193
0.8718317599414149
0.9848408899415517
0.8946499200101243
0.8205151500442298
0.8246547000453575
0.840118770065601
0.8296728599816561
0.8152387800510041
0.964586159971077
0.8032229499804089
0.8059523600240937
0.8522206199995708
0.8239482699718792
0.8251760900020599
1.1282499999651918
0.796987670037197