0.8302671367452654
0.8007317283170615
0.8099684062310647
0.7924581454718747
0.753448437020177
0.7218913007644548
0.7180677784560153
0.7276960617907278
0.7735046800769414
0.782545090237501
0.7837754833507362
0.7877212585064997
0.7486034145180555
0.7263822751009572
0.6861632866067079
0.7009937455610548
0.6705838567705512
0.7053672759901362
0.6904921251263336
0.6590860729854798
0.6873734772527188
0.6604600728005304
0.6752967986336389
0.7023446799447368
0.7594596963687756
0.7999929332636948
0.7494831160454498
0.7283398947759125
0.767802065392395
0.7541380258467643
0.8196473305837104
0.7797182945704628
0.7682189239776359
0.7121081074866192
0.7419153907146281
0.7767215730812342
0.751580489539612
0.771144359383492
0.7276736896208456
0.6769608680516905
0.7058402104338332
0.7461647637650884
0.7309550306201208
0.7100638565510712
0.7138026816647997
0.6756426930048545
0.686471679674296
0.6899200274620473
0.7284095678709072
0.7289593811117214
0.6987087440583799
0.684299044580291
0.7109088944110139
0.6962403132481277
0.6853963587841333
0.6996693778763934
0.7050306314923891
0.6540256729868007
0.670326444757697
0.6914452431626773
0.6688648847616315
0.6606414297624594
0.6802899293509255
0.6655998033257462
0.6557526317251469
0.6747841550536592
0.6731498910602907
0.6510915605944563
0.6651256921069778
0.6520412144392356
0.6604369993461932
0.6553815912617182
0.6540615357597861
0.6461157940035328
0.6234713964755833
0.6592745247910929
0.5960189017171214
0.6121076274663607
0.5827224403678971
0.5997867029934899
0.5646693693393123
0.5469768105434515
0.5537967101056485
0.5654847374127485
0.5420548116996737
0.5622241620587304
0.5707224522056852
0.5177236684442978