0.6205809932231615
0.5597310741762643
0.6730799477895333
0.3526052029986195
0.0
0.0
0.0
0.0
0.0
0.0
0.3801859124869252
0.1980385389202028
0.0
0.0
0.0
0.0
0.0
0.0
0.0
0.4732383250276239
0.47914003338930994
0.6018412249064019
0.0
0.0
0.0
0.0
0.0
0.0
0.0
0.0
0.0
0.0
0.0
0.0
0.0
0.0
0.0
0.0
0.0
0.0
0.0
0.0
0.0
0.0
0.0
0.0
0.0
0.0
0.0
0.0
0.0
0.0
0.0
0.0
0.0
0.0
0.7004282361417712
0.6982497462121401
0.771685834029132
0.6003117001116821
0.0
0.0
0.0
0.0
0.0
0.43008848572845926
0.0
0.0
0.0
0.0
0.22369463376745638
0.0
0.0
0.0
0.0
0.0
0.0
0.0
0.0018815891988883712
0.0
0.0
0.0
0.0
0.0
0.8519744182995624
0.0
0.5499594369968628
0.5913718359517924
0.7369885446776403