0.6434201082105674
0.7563684162252001
0.47923557515619186
0.4444444444444444
0.5555555555555556
0.5013192612137203
0.5769661686558517
0.5036371297681596
0.5276590345519045
0.6298342541436464
0.5128205128205128
0.4411764705882353
0.6757407401321001
0.5304146162438685
0.31944999640738814
0.3379286784220753
0.4553350726664282
0.3659009517574641
0.40309446254071685
0.4741680416568455
0.31890660592255127
0.33741579914268216
0.38345864661654133
0.37091988130563797
0.44376434583014535
0.4117647058823529
0.4903677758318739
0.4409448818897638
0.3472222222222222
0.5401145332157475
0.21645021645021645
0.44628988967107525
0.45717052243003825
0.1976284584980237
0.20053475935828877
0.24907078635920749
0.3225806451612903
0.3448275862068966
0.4528301886792453
0.4627949183303085
0.4408353863474583
0.39473684210526316
0.37821482602118
0.5291005291005291
0.5304852163812727
0.5305039787798409
0.41897335071874703
0.2432179607109448
0.2803075103489062
0.2978581129240831
0.22833595927766362
0.2499063919557293
0.24798711755233505
0.25
0.2857142857142857
0.3508771929824561
0.3053435114503817
0.33755274261603374
0.361798145552767
0.4076086956521739
0.38620689655172413
0.37037037037037035
0.3305785123966942
0.20242914979757085
0.6970791456309733
0.7414506728363579
0.6703493294709855
0.4553183040550928
0.4503197892414184
0.37552155771905427
0.0
0.0
0.0
0.0
0.0
0.0
0.0
0.4940955322669607
0.3084694214876032
0.18890980868508953
0.1073345259391771
0.2851456585807544
0.2992207792207792