0.0
0.5345911949685535
0.0
0.6560088202866593
0.0
0.0
0.5793397231096912
0.3898781630740394
0.3750973480034577
0.4055465121055486
0.4213537508875088
0.40255009107468126
0.40081915198352386
0.4137541705831767
0.40943457817803774
0.35714285714285715
0.0
0.0
0.25585284280936454
0.27196776518506993
0.0
0.0
0.0
0.0
0.0
0.0
0.0
0.0
0.0
0.0
0.0
0.0
0.0
0.0
0.0
0.0
0.0
0.0
0.0
0.0
0.0
0.0
0.0
0.0
0.0
0.0
0.0
0.0
0.0
0.0
0.0
0.0
0.0
0.0
0.0
0.0
0.0
0.0
0.0
0.0
0.0
0.0
0.0
0.0
0.0
0.2511013215859031
0.0
0.0
0.0
0.0
0.0
0.0
0.0
0.0
0.0
0.0
0.0
0.0
0.0
0.0
0.0