0.936081519221862
0.9039420027186226
0.8787079762689519
0.839258780435251
0.8657479439875528
0.8245838668373879
0.7638603696098563
0.8090306545153273
0.7768258727778967
0.8270959648756011
0.756138865368332
0.8054665812513346
0.8247466216216216
0.8137668918918919
0.8327586206896552
0.8476404494382023
0.8352246935996369
0.8762035763411279
0.8044532627865961
0.8292134831460675
0.813617606602476
0.8
0.7969907927240063
0.7685512367491166
0.7836072956541319
0.7440212577502214
0.7722772277227723
0.7691652470187393
0.7405875952121872
0.7121739130434782
0.7726063829787234
0.7243221035332785
0.7451902522445489
0.7196531791907514
0.7129351095831543
0.7291041577368196
0.7468844005156854
0.7166666666666667
0.6870135190495699
0.7049180327868853
0.6797314854915548
0.6478555304740407
0.6098159509202454
0.6024489795918367
0.6763450042698548
0.6527688689330767
0.6045723962743438
0.6036242449489689
0.6333615580016935
0.6415891800507185
0.616822429906542
0.6426116838487973
0.592094196804037
0.570676216557826
0.5783518360375747
0.5862367452932266
0.6084701815038893
0.591801878736123
0.5904091509018917
0.56191088260497
0.5580395528804815
0.5222672064777328
0.5176421751764217
0.5296803652968036
0.5
0.4883720930232558
0.5344129554655871
0.5151777970511708
0.47846481876332625
0.4646808510638298
0.4202682563338301
0.43840271877655057
0.4122137404580153
0.4042780748663102
0.41229193341869397
0.40108459869848156
0.4339781328847771
0.376601195559351
0.38000861697544164
0.3413566739606127
0.351027397260274
0.3452817965882099
0.34989059080962803
0.3252747252747253
0.31718061674008813
0.319672131147541
0.3413566739606127
0.32103645147123405
0.3416666666666667