1.0
0.7071067811865476
1.118033988749895
0.5
1.118033988749895
2.0615528128088303
1.5
1.118033988749895
0.7071067811865476
0.7071067811865476
2.5
3.5
2.0
3.5355339059327378
7.0
8.0
10.124228365658293
5.852349955359813
4.47213595499958
9.013878188659973
32.59601202601324
2937.2095601097312
2937.2095601097312
2937.2095601097312
2937.2095601097312
2937.2095601097312
2937.2095601097312
2937.2095601097312
2937.2095601097312
122.12391248236358
133.5234061878291
132.015150645674
141.5
142.50087719028258
149.0075501442796
143.50087107749556
163.19620093617377
163.19620093617377
165.92543506045118
165.92543506045118
167.02769231477754