16.00249369002995
16.229941060009878
16.733031909971032
17.0411653300107
16.988332600012654
17.130066610043286
17.046086240006844
17.03695803997107
17.175781350015313
17.02150029996119
17.249353189981775
17.058895059963106
17.378804920008406
17.02538725003251
17.017946880005184
17.03914863996033
16.987779889968806
17.14517722997698
17.240388489954057
17.00789860995428
17.29651792004006
17.112022479996085
17.118045930037624
16.957937100014533
17.200585549944662
17.109852979992866
17.464806269999826
17.586980350024533
17.586496619987884
17.538148800013005
17.61607093998464
17.630013139933
17.663428890009527
17.674775150007918
17.59335328999441
17.600858910009265
17.660783079991234
17.574874049969367
17.435513790042023
17.419056500002625
17.75351165997563
17.537447240028996
17.48626790002163
17.625047330002417
17.692839669980458
17.744067150051706
17.576593949997914
17.48102342004131
17.7469043200108
17.568467989985947
17.3405423299846
17.67950566005311
17.733839900029125
17.224482349993195
17.56261367998377
17.515751760001876
17.785813199952827
17.586015480046626
17.698653690022184
17.781083279987797
18.04318026996043
18.074976220013923
18.274763280060142
18.035568820050685
18.231351069989614
17.948719819978578
18.071068639983423
18.182666249995236
18.3831792500132
18.326128049957333
18.08852495996689
18.377974429968162
18.123446000026888
18.416421599977184
18.377710730055696
18.431438580009853
18.18191188001947
18.108613439981127
17.706898980031838
17.996567060035886
18.063916510000126
17.849014809980872
18.046517279944965
17.37116224001511
17.51145380003436
17.14390295004705
17.36458612998831
17.155911840018234