1.4699832900078036
1.5258464200451272
0.7333268899674295
0.7171251299587311
0.7316315800562734
0.7189327399828471
0.73328719001438
0.7184112499817275
0.737378020057804
0.7243792000372196
0.7400800500181504
0.7246092000423232
0.7418714599771192
0.8023570200020913
0.73420109001745
0.7163534300343599
0.7342375000007451
0.7197108599939384
0.7375377199787181
0.7196961500449106
1.471370220024255
1.4461638799548382
1.4678011900105048
0.7187634399451781
1.4683952899940778
1.540255360014271
1.4710427099635126
1.4508789200044703
1.4700787099718582
1.4504529199621174
1.4729400299984263
1.4493839100032346
1.4710957200441044
1.4500485199823743
1.4736193400312914
1.45208754001942
1.4816619300108869
1.5406054799677804
1.4644873599900166
1.567627039985382
1.470603720008512
1.449530220052111
1.576543120027054
1.4645732700591907
1.4511860399943544
1.4616983399901073
1.4513364400045248
1.466980089971912
1.4518090499768732
1.4605372300138697
1.453495669993572
1.4617742400150746
1.4559563800139586
1.4667985000414774
1.5478184699895792
1.463831970031606
1.453956279947306
1.4656853799533565
1.4541689900215715
1.4637358699837932
1.4476104200002737
0.7310946699726628
0.7156042299902765
0.7334303000243381
0.7176099599746522
0.7268057399778627
0.7207424700027332
0.7353590200364124
0.7330395899771247
0.7205501999851549
0.7353319099638611
0.7162257399613736
0.7380858399847057
0.7189353700232459
0.7323172000178602
0.7167338499857578
0.7396354599768529
0.7161829500546446
0.7541474099707557
0.7176809500379022
0.7350457200664096
0.7363503399392357
0.7361526200111257
0.7167808400117792
0.7520899899827782
0.7181444600428222
0.735597420061822
0.7365291300084209
1.463060879978002