3.640054944640259
3.640054944640259
3.640054944640259
3.5355339059327378
4.47213595499958
3.640054944640259
3.0413812651491097
3.3541019662496847
3.8078865529319543
3.8078865529319543
3.0413812651491097
3.640054944640259
3.5355339059327378
3.5355339059327378
3.640054944640259
3.1622776601683795
2.9154759474226504
4.031128874149275
3.1622776601683795
3.0413812651491097
3.0413812651491097
3.640054944640259
3.0413812651491097
3.0413812651491097
3.1622776601683795
3.0413812651491097
2.692582403567252
2.692582403567252
3.3541019662496847
3.1622776601683795
2.692582403567252
2.692582403567252
2.0615528128088303
3.0413812651491097
2.5495097567963922
2.5
3.0413812651491097
2.692582403567252
2.23606797749979
2.5
2.5
2.5
2.5495097567963922
2.0
2.0
2.5495097567963922
2.0
2.23606797749979
2.5495097567963922
2.692582403567252
1.5811388300841898
2.5
2.0615528128088303
2.0615528128088303
2.0
2.0615528128088303
1.5811388300841898
2.0615528128088303
2.5495097567963922
2.0615528128088303
2.0615528128088303
2.5
2.0
2.0615528128088303
2.5495097567963922
2.0615528128088303
3.0413812651491097
2.5
2.5
2.5
2.5495097567963922
2.0615528128088303
2.23606797749979
2.5495097567963922
3.1622776601683795
2.5495097567963922
1.5811388300841898
1.0
1.5811388300841898
1.8027756377319946
2.0