0.042000520043075085
0.03958400004194118
0.04213353000523057
0.034209160003229044
0.027644380024867132
0.03389344994502608
0.028988089979975484
0.029215500035206787
0.029397899998002686
0.02951350004877895
0.03991279998444952
0.04035500998725183
0.04031810000014957
0.041158620006171986
0.04226914003083948
0.029125510045560077
0.03445763999479823
0.03565646999049932
0.036265559974708594
0.03534275994752534
0.04335143996286206
0.043298140008118935
0.04282423004042357
0.04131241999857593
0.028685880024568178
0.030637620002380572
0.0347921500360826
0.035479150028550066
0.03568455998902209
0.03765908993955236
0.036653170027420856
0.029123300046194345
0.04246053998940624
0.04326474001572933
0.04292274999897927
0.04155963004450314
0.032722420000936836
0.036028069953317754
0.03676445994642563
0.030040109995752573
0.03295003996754531
0.03885819001880009
0.03741478001757059
0.037412390011013485
0.04256992004229687
0.04370034999737982
0.04578036998282187
0.0439804599591298
0.04269363998901099
0.031293720021494664
0.03156191000016406
0.032068830041680485
0.034938949975185096
0.032449430000269786
0.03845510000246577
0.039470200063078664
0.03856127994367853
0.043003440005122684
0.04176813003141433
0.041544720006641
0.04089261004992295
0.02997320996655617
0.03689897996082436
0.03746687994862441
0.030587609944632277
0.03245883999625221
0.03815328003838658
0.03859260003082454
0.032995139990816824
0.04218112000671681
0.0422924300073646
0.041586430015740916
0.04188803999568336
0.04167331993812695
0.029355110018514097
0.030810710013611242
0.03235962998587638
0.03676919004647061
0.037411980010801926
0.02902448999520857
0.02801620001264382
0.028259280006750487
0.027987479988951236
0.02821148998918943
0.02807388998917304
0.0279858799331123
0.02842160000000149
0.028223979970789514
0.029211700020823628