23.769728648009426
23.648467180770936
47.265209192385896
46.71723450719231
46.2709412050371
45.13590588434002
23.286262044390035
25.22399651125888
23.42007685726074
45.721985958617324
45.67548576643712
47.32071428032337
46.76804464589043
48.43810483493342
47.38143096192854
49.36598018878993
45.77390086064329
45.83121207212395
45.83121207212395
45.83121207212395
46.63153439465616
45.77390086064329
44.83859944289072
45.70557952810576
46.63153439465616
47.265209192385896
23.345235059857504
23.53720459187964
23.286262044390035
46.389654018972806
47.668123520860355
47.71268175233918
48.25971404805462
49.25444142409901
47.447339229929426
47.762432936357
48.373546489791295
49.80461825975579
51.210350516277465
48.62612466565683
47.71268175233918
51.12973694436536
74.13669806512831
74.54528824815154
74.63578230312856
73.13856711749281
50.98284025042151
51.58003489723519
50.635955604688654
72.74785220197226
77.41446893184762
75.73803535872844
78.70355773406943
78.77182237323191
80.82233602167163
78.08008709011537
75.70006605016934
74.78301946297702
79.33788502348673
80.12646254515421
79.33788502348673
78.35974731965386
78.27036476214992
76.81959385469308
77.78174593052023
83.7645509747411
80.47670470390796
83.3606621854697
78.95885004228468
79.01423922306662
78.34858007647618
78.57639594687453
78.14249804043892
78.63841300535
79.26695402246764
79.76214641043707
79.69473006416422
80.12646254515421
79.07275131168764
80.63808033429368
81.54293347678878