0.04302542998630088
0.04202490999887232
0.026944019991788082
0.02998876996571198
0.028342450023046695
0.02863404995878227
0.02815845000441186
0.03036326997971628
0.030073070010985248
0.02654951997101307
0.02849944998160936
0.028207440045662224
0.03368621000845451
0.031032580009195954
0.03054918000998441
0.031200879966490902
0.03069566999329254
0.03303569996205624
0.04322862994740717
0.04259202003595419
0.027985440028714947
0.029802060016663745
0.03599153998948168
0.036691350032924674
0.03605284000514075
0.036715859969262965
0.035971539982710965
0.033776119962567464
0.03589464002288878
0.028915549992234446
0.04314842000894714
0.042559719950077124
0.028302439968683757
0.030397270020330325
0.03617383998061996
0.03579063995857723
0.03592254004615825
0.03549753004335798
0.03576112998416647
0.030272580042947084
0.027844840005855076
0.02704853002796881
0.0433043300290592
0.042125719992327504
0.033437800011597574
0.028127850018790923
0.02774863998638466
0.02745193000009749
0.029169460030971095
0.028659349991357885
0.03126827999949455
0.02996387003804557
0.03139057997032069
0.03091607999522239
0.042568230055621825
0.041515110060572624
0.028321939971647225
0.02913235002779402
0.030749979996471666
0.036078240009373985
0.028419649970601313
0.02857264997146558
0.029234449975774623
0.02918345999205485
0.0285000500298338
0.030694270026287995
0.031606089978595264
0.029996869998285547
0.030151460014167242
0.028441040049074218
0.028412749961717054
0.02800674003083259
0.027498429990373552
0.027521140000317246
0.0273517299501691
0.02735253998253029
0.02821073998347856
0.02746404003119096
0.027881939968210645
0.027864240037160926
0.02781313996820245
0.028200250017107464
0.027784240010078065