4.985455529968021
4.916309590043966
4.961488979970454
5.1238063200435136
5.168577500007814
5.008326079987455
5.016115269972943
5.044508670034702
5.04778961003467
5.049865629989654
5.063412599993171
5.063877290012897
5.057363829982933
5.088684859947534
5.2461831599794095
5.118500300013693
5.191897270051413
5.175459910024074
5.181982879948919
5.193166200042469
5.231493210012559
5.243240150011843
5.217579470045166
5.184748920000857
5.221216810023179
5.19605995999882
5.178448669976206
5.187512269985746
5.1801767900178675
5.179767390000052
5.20101041001908
5.231532649995643
5.228667709961883
5.216037489954033
5.2169003000017256
5.218962219951209
5.251410880009644
5.262675599951763
5.282346410022001
5.354865089975647
5.352342769983807