0.7648546144121365
0.7791304347826087
0.8588744588744589
0.8831168831168831
0.941991341991342
0.874736398144243
0.7893864013266998
0.6829802775748721
0.6320541760722348
0.8117647058823529
0.79050736497545
0.79050736497545
0.79050736497545
0.7821086261980831
0.8034270934367927
0.7068543451652387
0.46944151738672285
0.3896362730443448
0.7222699914015477
0.6165590135055784
0.7284861257463997
0.6897905759162304
0.6935960591133005
0.7663241630759032
0.7266049185563718
0.7318287421174908
0.6973434535104365
0.6746987951807228
0.6925418569254186
0.6925418569254186
0.7032495401594114
0.6655062373078039
0.7349540468425734
0.8005010961478234
0.8210326259106747
0.8210326259106747
0.8210326259106747
0.7534883720930232
0.7184035476718403
0.7184035476718403
0.7534883720930232
0.7534883720930232
0.7534883720930232
0.7843023255813953
0.7648073605520413
0.7295666483817883
0.7477827050997783
0.7387732749178533
0.7387732749178533
0.7208672086720868
0.7387732749178533
0.7387732749178533
0.7387732749178533
0.7283680175246441
0.7283680175246441
0.7283680175246441
0.6931330472103004
0.676048858204992
0.676048858204992
0.5955510616784631
0.5423228346456693
0.5654761904761905
0.7372505543237251
0.6686746987951807
0.5529381965552178
0.32878196792371045
0.23013643659711075
0.15309384991536581
0.07110412299091544
0.45122985581000846
0.5963559915907498
0.6947317777243204
0.6643042759272384
0.5398907103825137
0.8129181677817807
0.8129181677817807
0.7949044585987262
0.724692019282271
0.8083242059145673
0.7282184655396619
0.672579453067258
0.7795929298339582
0.8195509309967142
0.7824836601307189
0.7478760619690155
0.6665072914176429
0.7288135593220338
0.6529235382308846
0.6529235382308846