0.8809523809523809
0.8150205264428881
0.8146669992516837
0.7975536694957563
0.7577092511013216
0.7041216879293425
0.7129940583828468
0.675019374838543
0.7202273314389047
0.7486437613019892
0.7202273314389047
0.6923275639369671
0.6478946008783261
0.675019374838543
0.5877034358047016
0.5877034358047016
0.545595453371222
0.6137948850426247
0.5626453112890726
0.53732885559287
0.545595453371222
0.5037458021183157
0.5285455954533712
0.5370705244122965
0.5672952725393955
0.6117282355980367
0.5672952725393955
0.5244122965641953
0.592611728235598
0.6050356052899288
0.5830534745543787
0.5579953500387497
0.5734952208731594
0.5269956083699302
0.555470737913486
0.5693619219839835
0.5843451304572462
0.5595453371221907
0.5276292335115864
0.49528662420382163
0.5207956600361664
0.5090445859872611
0.5704834605597965
0.4928958925342289
0.5300955825368122
0.5463576158940397
0.5463576158940397
0.5541203823301473
0.5161456987858435
0.5114957375355206
0.5541203823301473
0.539912167398605
0.488245931283906
0.4701627486437613
0.5300955825368122
0.5161456987858435
0.488245931283906
0.5300955825368122
0.41642986308447427
0.4479462671144407
0.44639628003099974
0.41642986308447427
0.4215964866959442
0.4215964866959442
0.4262464479462671
0.3874967708602428
0.37199690002583313
0.3843967966933609
0.379746835443038
0.38207181606819945
0.38026349780418495
0.3885300955825368
0.3885300955825368
0.3921467321105657
0.3885300955825368
0.3564970291914234
0.3921467321105657
0.34874709377421853
0.3952467062774477
0.37509687419271504
0.3952467062774477
0.40687160940325495
0.3952467062774477
0.37509687419271504
0.38646344613794886
0.3836218031516404
0.36373030224748126
0.3887884267631103