0.015571479962090962
0.02238097004010342
0.022266770029091276
0.016018489986890927
0.03471880001598038
0.03914296998118516
0.04017756997200195
0.03785685003094841
0.05087550001917407
0.03890246000082698
0.032654789974913
0.04113347997190431
0.05085370001324918
0.037216030032141134
0.03370610997080803
0.04129239001485985
0.032631079957354814
0.03213419004168827
0.03299529002106283
0.031965989983291365
0.05235942000581417
0.03745955000340473
0.03112086000328418
0.03297969000414014
0.0513197200052673
0.03659504000097513
0.03493832002277486
0.03332578999106772
0.0330565900367219
0.03243728002416901
0.03221728002245072
0.01570848995470442
0.02410187997156754
0.023571769997943193
0.015720690062153153
0.015643689985154197
0.024069379942375235
0.023330069961957633
0.014379780041053891
0.015356880030594766
0.02247636002721265
0.016179399972315878
0.016205089996219613
0.01568088999192696
0.023799379996489733
0.02343419000681024
0.017175009998027235
0.021468459963216446
0.014422780004679225
0.017845010006567463
0.022329769999487326
0.022901470001670532
0.016180689999600872
0.02248896002129186
0.02239517001726199
0.021921270017628558
0.021683059967472218
0.019253829959779978
0.015821089982637204
0.015727080026408657
0.016206690052058548
0.018394809958408587
0.022101069989730604
0.02227965997008141
0.021853559956070967
0.021509250000235625
0.01998653999180533
0.017000899970298633
0.015925390034681186
0.01567059000080917
0.015163480056799017
0.015225780007313006
0.015380179975181818
0.015067889980855398
0.015203380025923252
0.015410089981742203
0.015199479967122898
0.015194990046438761
0.014995480014476925
0.015288279973901808
0.01509027999418322