0.9675925925925926
0.9560439560439561
0.9484304932735426
0.928
0.9369042215161144
0.9092606832912227
0.8437170010559663
0.9098245991606586
0.8796791443850267
0.8915636983383042
0.8224238496435515
0.8713259307642064
0.9095455533811698
0.8635926993275697
0.8813799107628687
0.8430681066784219
0.8316633266533067
0.8328746009027854
0.7826552462526767
0.7732091230324446
0.7447177375663668
0.7284618854307623
0.7785058977719528
0.7477477477477478
0.7453718739850601
0.7534726019905938
0.7222043184015469
0.7155041120925982
0.702332392009204
0.678391959798995
0.7309369350207381
0.7181397221662975
0.7213930348258707
0.6943388677735547
0.7150105708245243
0.7491742141715504
0.7211238293444329
0.7348138471587198
0.674865026994601
0.7228528592846434
0.7122723330442324
0.7063492063492064
0.6632758978617397
0.6691729323308271
0.6660412757973734
0.6673728813559322
0.6566523605150214
0.655893536121673
0.6380316930775647
0.6464709556527171
0.6210790464240903
0.6472081218274112
0.5960264900662252
0.5954631379962193
0.603448275862069
0.6116504854368932
0.6122448979591837
0.5954631379962193
0.5935135135135136
0.5857874519846351
0.5609549968307628
0.54354736172918
0.5390334572490706
0.5326530612244897
0.5199579831932774
0.5260361317747078
0.5370603015075377
0.5172413793103449
0.480225988700565
0.4995730145175064
0.45038330494037476
0.45454545454545453
0.4411764705882353
0.4326923076923077
0.4415529010238908
0.41487993138936535
0.45
0.40229885057471265
0.4059278350515464
0.38870431893687707
0.4004775341871066
0.40773480662983425
0.38537549407114624
0.36958934517203107
0.36
0.3759894459102902
0.38870431893687707
0.33073929961089493
0.3759894459102902