4.47213595499958
4.123105625617661
6.519202405202649
6.576473218982953
7.280109889280518
7.615773105863909
6.5
3.1622776601683795
4.031128874149275
4.716990566028302
4.031128874149275
4.6097722286464435
4.949747468305833
7.0710678118654755
5.385164807134504
6.4031242374328485
5.408326913195984
7.7781745930520225
8.32165848854662
9.013878188659973
10.062305898749054
7.158910531638177
9.17877987534291
9.433981132056603
9.86154146165801
9.17877987534291
9.394147114027968
9.7082439194738
9.17877987534291
9.86154146165801
7.615773105863909
8.74642784226795
8.32165848854662
8.74642784226795
7.158910531638177
6.96419413859206
6.5
6.800735254367722
7.905694150420948
8.381527307120106
7.905694150420948
7.648529270389178
7.280109889280518
8.077747210701755
6.96419413859206
7.158910531638177
6.800735254367722
8.54400374531753
6.5
7.158910531638177
7.280109889280518
7.158910531638177
9.17877987534291
9.17877987534291
8.276472678623424
7.826237921249264
8.32165848854662
8.74642784226795
9.7082439194738
9.86154146165801
9.192388155425117
9.5524865872714
8.845903006477066
9.5524865872714
10.259142264341596
9.924716620639604
9.924716620639604
10.259142264341596
10.307764064044152
10.63014581273465
10.606601717798213
10.307764064044152
10.307764064044152
10.259142264341596
11.715374513859981
10.700467279516348
11.800423721205947
11.926860441876563
11.926860441876563
11.236102527122116
12.776932339180638
12.529964086141668
12.776932339180638
12.971121771072847
12.747548783981962
13.892443989449804
13.209844813622906
13.892443989449804