7.0178344238090995
6.708203932499369
6.519202405202649
6.946221994724902
10.44030650891055
4.47213595499958
4.6097722286464435
5.656854249492381
6.020797289396148
5.315072906367325
5.656854249492381
6.726812023536855
6.363961030678928
6.519202405202649
5.315072906367325
6.800735254367722
6.0
4.0
6.082762530298219
5.024937810560445
5.70087712549569
7.0710678118654755
6.020797289396148
5.522680508593631
6.18465843842649
6.576473218982953
6.041522986797286
2.9154759474226504
2.0
1.8027756377319946
3.0
2.23606797749979
0.7071067811865476
0.0
2.1213203435596424
1.5811388300841898
1.0
1.5811388300841898
1.5811388300841898
3.0413812651491097
2.5495097567963922
3.3541019662496847
2.692582403567252
3.0413812651491097
3.0
4.031128874149275
3.1622776601683795
3.0413812651491097
4.123105625617661
4.5
6.5
5.385164807134504
4.031128874149275
3.0413812651491097
4.031128874149275
6.264982043070834
5.1478150704935
4.743416490252569
3.5355339059327378
4.031128874149275
3.2015621187164243
5.0
5.0
5.5
4.527692569068709
4.031128874149275
4.031128874149275
5.522680508593631
5.0
4.527692569068709
4.0
4.5
4.5
5.385164807134504
3.8078865529319543
4.716990566028302
3.605551275463989
3.8078865529319543
3.8078865529319543
6.082762530298219
5.70087712549569
5.0990195135927845
4.527692569068709
5.024937810560445
4.6097722286464435
5.220153254455275
4.6097722286464435
4.743416490252569