0.9143540669856459
0.8735795454545454
0.9151029748283753
0.8776946766388033
0.9274320377443271
0.8966282165039929
0.8666241225271218
0.9386973180076629
0.9062710721510452
0.8805681084570691
0.8293085655314757
0.8632796365138372
0.9385078477746721
0.8710021321961621
0.8722058203289751
0.8505392912172574
0.8193325661680092
0.8378621154278015
0.7545551982851019
0.7961165048543689
0.7975460122699386
0.7342995169082126
0.8032292787944025
0.8050231328486451
0.8192466697289849
0.7770758122743683
0.8080808080808081
0.7712200208550574
0.7726063829787234
0.7459389213775178
0.8401600753295668
0.7850467289719626
0.8093971631205674
0.7606007067137809
0.7730996813837051
0.7896935933147632
0.7359690979322882
0.7526570048309179
0.711864406779661
0.7390891840607211
0.712716621918477
0.7315914489311164
0.650433944069431
0.6666666666666666
0.6658440276406713
0.682524032536357
0.6508816120906801
0.6572993569897595
0.6400367309458218
0.6466729147141518
0.6127717391304348
0.6501865671641791
0.599250936329588
0.6005580097651709
0.6097265908541012
0.6190476190476191
0.6101354741595585
0.5931615460852329
0.5965002573340196
0.5872814796047631
0.5742827868852459
0.5480769230769231
0.5501747378931603
0.5423228346456693
0.5351038653694452
0.5429562433297759
0.5499348109517601
0.5352263594963836
0.4978891820580475
0.5195787199567918
0.4731972789115646
0.47499331372024606
0.46511627906976744
0.4556354916067146
0.4547346514047867
0.43243940175348117
0.4629080118694362
0.41935483870967744
0.42391304347826086
0.4105263157894737
0.4197952218430034
0.42903139254091766
0.4032049625226157
0.38492768332910426
0.37538148524923703
0.39067201604814444
0.4038898711795908
0.3441975308641975
0.39067201604814444