4.0
4.6097722286464435
4.0
4.527692569068709
5.0990195135927845
4.5
4.031128874149275
4.031128874149275
5.70087712549569
4.527692569068709
5.024937810560445
5.5
4.031128874149275
4.5
5.0
5.0990195135927845
4.031128874149275
5.522680508593631
4.527692569068709
4.527692569068709
5.522680508593631
5.024937810560445
4.527692569068709
5.0
4.527692569068709
4.0
3.0
5.0
6.020797289396148
5.0990195135927845
5.024937810560445
4.527692569068709
5.0
5.0
5.5
3.0413812651491097
5.0
5.522680508593631
4.527692569068709
4.527692569068709
5.522680508593631
4.031128874149275
5.5
5.0
3.5355339059327378
4.5
5.024937810560445
4.527692569068709
4.123105625617661
4.031128874149275
4.0
4.031128874149275
4.6097722286464435
3.1622776601683795
3.5
4.527692569068709
3.5355339059327378
4.527692569068709
4.527692569068709
5.024937810560445
4.527692569068709
4.5
4.5
4.031128874149275
5.0
4.527692569068709
5.522680508593631
5.0
4.527692569068709
5.024937810560445
0.7071067811865476
4.5
4.272001872658765
5.0990195135927845
2.0615528128088303
5.0
3.640054944640259
3.0413812651491097
1.5811388300841898
4.527692569068709
4.031128874149275