0.8123416992862077
0.7534403669724771
0.750354609929078
0.7349112426035503
0.6998372471518252
0.6503382318637742
0.6407766990291263
0.6372864570438227
0.6797822321207622
0.6890303623898139
0.6797822321207622
0.67
0.627
0.6372864570438227
0.56875
0.56875
0.528
0.5797819623389494
0.5445
0.52
0.528
0.4875
0.5115
0.51975
0.549
0.592
0.549
0.5075
0.5735
0.61
0.56425
0.54
0.555
0.51
0.5605
0.551
0.5655
0.5415
0.532
0.4995
0.504
0.513
0.57525
0.477
0.513
0.55
0.55
0.53625
0.4995
0.495
0.53625
0.5225
0.4725
0.455
0.513
0.4995
0.4725
0.513
0.403
0.4335
0.432
0.403
0.408
0.408
0.4125
0.375
0.36
0.372
0.3675
0.36975
0.368
0.376
0.376
0.3795
0.376
0.345
0.3795
0.3375
0.3825
0.363
0.3825
0.39375
0.3825
0.363
0.374
0.37125
0.352
0.37625