8.875212960047065
8.847518710026634
8.811671520015807
8.835825349960942
8.828330959950108
8.887280149938306
8.91505261999555
8.975835719975294
8.99753473000601
8.987017330000526
9.006415530020604
9.04127513000276
9.077955870016012
9.08510182001919
9.106984410027508
9.709161599967047
9.19223688004422
9.104893789990456
9.07252951998089
9.050169110050774
9.05880344005709
9.081431860031444
9.04696789002628
9.01793932003784
9.004742480028654
8.98081576997356
8.953348420036491
8.977856550045544
9.046366830007173
9.034716809983365
9.029227229984826
9.032958629977657
9.05383092998818
9.060832940012915
9.055911460018251
9.085690650026663
9.139230009968742
9.061212880042149
9.353637540043565
9.13099413002783
9.132034100039164
9.125248709970037
9.125985780046904
9.085570629977155
9.113952800034895
9.098227740032598
9.10311682993779
9.082846249948489
9.085113119945163
9.066748030018061
9.069462520055822
9.195874440047191
9.282818869978655
9.271845940020285
9.048534009998548
9.0499509700021
9.057992880043457
9.055519410030684
9.074847739975667
9.046170169967809
9.047566930021276
9.035046579956543
9.044814930020948
9.047186699972372
9.048682169959648
9.034730319981463
9.041171330027282
9.056760109961033
9.084798679978121
9.080010399993625
9.076451120054116
9.090132280034595
9.093408170010662
9.099681380030233
9.095261090042186
9.08108584000729
9.11602257998311
9.089938030010671
9.134557210054481
9.086624219999067
9.121578249978484
9.096535810022033
9.09397192997858
9.085059720018762
9.103111119984533
9.071064419986214
9.076213610023842
9.071824329948868