5.5901699437494745
6.4031242374328485
6.726812023536855
6.4031242374328485
7.3824115301167
5.315072906367325
3.640054944640259
5.70087712549569
6.519202405202649
6.264982043070834
59.17136131609615
152.88230767489088
205.93506258041634
283.1629389591795
322.8610382192314
325.86692069002646
324.29192096011275
311.5517613495388
296.5004215848605
251.745903640953
185.3550646731834
146.81961721786362
130.6416855371975
2937.2095601097312
2937.2095601097312
769.9235351643695
808.2600138569271
853.9433529221947
909.2360804543559
977.7434479453186
1032.5527831544498
1062.5255291050657
1059.068576627595
1056.0324332140563
1036.4740710697977
1007.2241557865856
2937.2095601097312
2937.2095601097312
2937.2095601097312
2937.2095601097312
800.2888541020674
734.8239585097916
674.3776760836616
626.148943942254
590.3528605842441
555.7288007652653
507.9630892102299
2937.2095601097312
2937.2095601097312
2937.2095601097312
2937.2095601097312
2937.2095601097312
2937.2095601097312
2937.2095601097312
575.3803090130909
599.7926725127609
649.1296095542091
694.0657389613754
748.801208599452
815.1809615048674
879.9041140942575
955.8310520170393
1020.4344662936469
2937.2095601097312
2937.2095601097312
2937.2095601097312
1075.8152722470527
1027.1023561456764
958.8652147199834
902.3742294635857
824.8166462917683
2937.2095601097312
2937.2095601097312
2937.2095601097312
2937.2095601097312
2937.2095601097312
501.733245858793
440.39215478934227
392.99681932555126
395.2571947479261
390.4346936428678
375.30420994174847
378.067784927518