4.0
4.5
4.123105625617661
3.5355339059327378
5.0990195135927845
3.5
3.0413812651491097
4.031128874149275
3.5355339059327378
3.5355339059327378
4.031128874149275
3.640054944640259
4.272001872658765
3.640054944640259
4.0
4.0
3.0413812651491097
3.5355339059327378
3.5355339059327378
3.5355339059327378
3.5355339059327378
4.031128874149275
3.5355339059327378
4.123105625617661
3.5355339059327378
3.0
3.0
3.0
4.031128874149275
4.0
4.031128874149275
2.5495097567963922
4.0
3.0
3.640054944640259
4.031128874149275
4.123105625617661
3.5355339059327378
3.5355339059327378
2.5495097567963922
4.527692569068709
3.0413812651491097
3.640054944640259
4.123105625617661
3.5355339059327378
3.5
4.272001872658765
3.5355339059327378
3.605551275463989
4.031128874149275
3.1622776601683795
4.272001872658765
4.031128874149275
3.0
3.640054944640259
4.527692569068709
2.5495097567963922
3.5355339059327378
3.5355339059327378
4.272001872658765
3.5355339059327378
3.640054944640259
3.640054944640259
3.0413812651491097
4.123105625617661
3.8078865529319543
4.527692569068709
4.0
3.5355339059327378
4.031128874149275
4.527692569068709
2.5
4.031128874149275
4.0
4.031128874149275
3.1622776601683795
3.640054944640259
2.0615528128088303
3.5355339059327378
3.5355339059327378
4.031128874149275