0.1475142799608875
0.1063566099765012
0.10539719994994812
0.10924565001914743
0.11362899997038767
0.11614413000643253
0.11220838001463562
0.11192345999006648
0.11272438001469709
0.112262179973186
0.11181629000930116
0.11224819005292375
0.11050175999116618
0.10763952006527688
0.10619911998219322
0.10617851999995764
0.10569181999017019
0.10667841001122724
0.1067844100180082
0.10716112999944016
0.10808774000906851
0.11205488000996411
0.11246097994444426
0.11195617000339553
0.1119712799845729
0.11198658998182509
0.11176087995409034
0.1083369400294032
0.1069407099566888
0.10672322001482826
0.1079874399874825
0.10811804000695702
0.10849243000848219
0.11219016996619757
0.11288777997833677
0.11013495997758582
0.10945665999315679
0.1079748399934033
0.10845143006008584
0.11234016994421836
0.11159387999214232
0.11250199000642169
0.10995267002726905
0.11004895997757558
0.11199886997928843
0.1105865600402467
0.11167548000230454
0.1122327899793163
0.10957575999782421
0.10662391003279481
0.10792601999128237
0.11188807999133132
0.11122418000013568
0.10632631994667463
0.11238127997785341
0.11228016999666579
0.11306719003187027
0.10730873000284191
0.10798864001117181
0.11104368000815157
0.11107496000477113
0.11225267000554595
0.11246087997278664
0.11222268003621139
0.10847055003978312
0.10822972995811142
0.11236116995860357
0.11265217995969579
0.10723862993472721
0.10650413001712877
0.10794644003908616
0.1097584499802906
0.1083557299716631
0.10767633997602388
0.049832969962153584
0.04986695996194612
0.050478769990149885
0.04895575999398716
0.04937166006129701
0.048926579984254204
0.049476359999971464
0.04913746000966057
0.04900945001281798
0.04871115001151338
0.04917026999464724
0.048871649996726774
0.048698559985496104
0.04909784998744726
0.04890766002063174