0.8794536400091602
1.0481388599873753
0.8417644099972676
0.8725177699670894
1.1214533100428525
0.8655426800396526
0.8556303699879209
0.9563056199840503
1.0433119100343902
0.9901031100162072
1.1016417799692135
0.8610294299433008
0.7792272100050468
0.7963080899935449
0.9447764899960021
0.8654368900170084
0.8512465200328734
0.85937711999577
0.8604615199874388
0.8685321099619614
0.902293710023514
0.9890800999710336
0.8434452299843542
0.8810118499968667
0.8590333200118039
0.8763706099853152
0.9610664799402002
0.9235010299744317
0.994723170006182
1.097242429968901
0.8577078900270863
0.8557535699947039
0.9785197799646994
0.8743679799954407
0.8713036700646626
1.0394602599990321
0.8655070899840211
0.9984737999911886
0.9029085200018017
0.9814483100490179
0.8871546400041552
0.9266818800097099
0.8675652999954764
0.8625273600046057
0.9330680599668995
1.0308399699715665
1.010936849997961
0.8726038700115168
0.9997111099801259
0.9779324799455935
1.1033144099928904
1.1980168700392824
1.0306803800631315
0.8788906299741939
0.9680943599960301
0.9418755499791587
0.9947282599750906
0.8569943900511134
0.9992285200132756
0.8610942299856106
0.9231733500200789
0.9196633099782048
0.8628514500014717
1.0051172800012864
0.8520947299984982
0.9952467599941883
0.9432193699467462
0.8903577599994605
1.0398141900077462
1.0784518299624324
0.8737917699909303
1.0294108700327342
1.0316818799765315
0.8206501699896762
0.8418147200427484
0.9001497899589594
0.836396849990706
0.8334632200421765
0.8604415399895515
0.8396892800374189
0.8241206200182205
0.8447109499684302
0.8488324999780161
0.8358176600449951
0.8754106999549549
0.8359398600441637
0.8186831400234951
0.8606076300202403
0.8296005599549972