4.123105625617661
4.123105625617661
0.5
1.118033988749895
4.031128874149275
4.6097722286464435
7.158910531638177
17.066048165876012
14.637281168304447
7.158910531638177
7.0178344238090995
5.024937810560445
3.905124837953327
6.946221994724902
5.220153254455275
2.5
15.402921800749363
21.0535032714273
5.408326913195984
11.884864324004713
3.5355339059327378
6.519202405202649
6.0
2.5495097567963922
6.082762530298219
8.06225774829855
9.055385138137417
8.0
6.0
6.0
8.06225774829855
11.543396380615196
5.0
1.118033988749895
3.3541019662496847
6.020797289396148
0.5
0.5
1.118033988749895
3.0413812651491097
2.0615528128088303
1.118033988749895
2.0615528128088303
2.5495097567963922
4.527692569068709
5.522680508593631
2.5495097567963922
3.5355339059327378
3.5355339059327378
5.522680508593631
1.5811388300841898
2.5495097567963922
1.5811388300841898
2.0615528128088303
1.118033988749895
5.024937810560445
6.020797289396148
7.0178344238090995
8.0156097709407
11.01135777277262
14.0089257261219
8.0156097709407
0.5
14.035668847618199
30.5
41.548164821084455
50.53958844312051
57.53477209479499
34.64462440264001
19.059118552545918
28.792360097775937
14.807092894960848
11.884864324004713
21.86892772862904
18.5
6.264982043070834
11.543396380615196
14.317821063276353
8.94427190999916
9.5524865872714
7.280109889280518
0.5
6.726812023536855
11.543396380615196
12.539936203984453
2.0
9.924716620639604
8.5
4.6097722286464435