12.688097200007178
13.03089599001396
13.250777529974584
14.309188540064497
13.714104760001646
13.311889819960925
13.682828529999824
12.68191866001871
14.913592759985477
11.087252419965807
13.687031189983827
11.958213059988339
13.879335629972047
11.677070160003495
14.85437973999069
14.013365139981033
11.120821320000687
11.660197199962568
11.191467009994085
13.198312620006618
14.257512269978179
11.996670840017032
13.686573039958603
13.965962239963119
12.532558179955231
13.493110929994145
11.665020080035902
11.305423410012736
11.74013363000995
12.67468216996349
14.034233150014188
13.326943520005443
13.340371269950992
14.343666389977443
13.225140200011083
14.303532449994236
11.21412403001159
11.630087339945021
12.794915449994733
11.178659849974792
11.312388619990088
12.469416149979224
10.577555389972986
13.91261864999251
12.510936529943137
14.419104860062362
14.792722630008939
14.120431179981097
11.99020517997269
8.603370850032661
11.532911399990553
14.273147389976657
14.216519260007772
13.04772850999143
15.022897009985172
12.413454199995613
10.339310409981408
12.899672190033016
1.2500610599818174
1.2055636599689024