0.8569963699846994
0.8789956599503057
0.8329555800446542
0.8514602200011723
0.9532550399308093
0.847326549992431
0.9331265000218991
0.882770679963869
0.8369730399863329
0.8441843200125732
0.9414705200470053
0.8245570700091776
0.7971911399363307
0.8370414299861295
0.811069619958289
0.8322961700469023
0.8487789700302528
0.8129184500285191
0.8010608799668262
1.010404029948404
0.6811560299684061
0.909137010021368
0.6983820300229127
0.6645653200394008
0.6446445800247602
0.6028141700517153
0.6419552399893291
0.7522809899819549
0.7418602699908661
0.6615773899829946
0.6541686000127811
0.6350655599817401
0.7990378599788528
0.6860137900366681
0.6270564700389514
0.628256580021116
0.7766685800015694
0.8085445000324398
0.8914978899701964
0.6410074399900623
0.7250146599835716
0.8660205799969845
0.6555671100068139
0.6216071899689268
0.8052720400155522
0.6533172900526552
0.7755715800158214
0.682430739980191
0.6588261599972611
0.6506026499846485
0.6498065399500774
0.7462899100210052
0.8708178399683675
0.8434904100431595
0.6401661199925002
0.8046905299852369
1.0461517800285947
0.6564846199762542
0.6366577799781226
0.6448187899513869
0.742624380000052
0.7576722600060748
0.798421959989355
0.6368075800128281
0.6352607600274496
0.7954923099896405
0.7822154600580689
0.8538476299872855
0.875327899993863
0.638640809993376
0.6179405500006396
0.6146254999475786
0.7453724099468673
0.6336531499982812
0.63733738999872
0.6269063599756919
0.6817868399957661
0.6330561399954604
0.626709150019451
0.7878171199990902
0.6234134999976959
0.6513076599367196
0.6904469399887603