0.7035430224150379
0.7316530763528537
0.7355381840048085
0.7795612296147361
0.6769782817248948
0.7274076580084803
0.7153273752142094
0.6845802742899142
0.7041966850489267
0.6317313865664441
0.6460238054165962
0.6429415737926389
0.6502170328887011
0.6780015038850377
0.6732533570629593
0.5833013920943396
0.4721222640790736
0.5074658420532463
0.5212520095530857
0.4502965651341271
0.44632115729013333
0.4160890019920212
0.432005279241675
0.4252635436843515
0.43398259925764027
0.4349230549352069
0.45507253572831646
0.42845625805861837
0.42760202089035054
0.4432615060063175
0.4258584536774196
0.42829691402625775
0.5102628233164612
0.44238725444487587
0.40724934122515277
0.4989193998951549
0.5049683805473183
0.5732343488304638
0.5789898085140526
0.620822439448929
0.6248565175755512
0.6221250205759066
0.6132852074974914
0.6105726903351029
0.5850586351964644
0.5877343114365681
0.5998882523538601
0.40163094765572777
0.3974346351007876
0.5975533072612984
0.614034461953475
0.6307802154262089
0.6520271151260106
0.6453747543142337
0.4474567116591222
0.5820856003627446
0.5510282450951185
0.023155461440047213
0.01421981234398922
0.0