24.993006700024125
24.83565427995927
24.77617682001437
24.724570079997648
24.819051130034495
24.716600909960107
24.75722406998102
24.88721734000137
24.769191939994926
24.86745554000663
24.85393720002321
24.87744138998096
24.90532550997159
24.87870083001326
24.820391399989603
24.68117986994912
24.99800129997311
24.96350661996985
25.183575180053595
25.052853259985568
25.237471209984506
25.018761879982776
24.736742690001847
25.18801350001013
24.949127069994574
25.16428167000413
24.97639560002426
24.85908141003165
24.98580984
24.80724987006397
24.95808655003202
24.915783799951896
24.89154763999977
25.007498539998778
24.836969469979522
24.767695109985652
24.804417030027253
25.0275295299798
24.758936849975726
25.016353219980374
24.66767895006342
24.88622780998412
24.798586140022962
24.862601759959944
24.929606840014458
24.93931042998156
24.857871959975455
24.993524170058663
24.788466810059617
24.784800480047124
25.061623560031876
24.975142610055627
24.98824959002377
24.92017942997336
25.134701630013296
24.957041460002074
24.31633366002643
24.901074469962623
24.812606889972812
24.811708289998933