6.324555320336759
5.408326913195984
4.47213595499958
9.013878188659973
47.940066750057824
82.28000972289685
142.63590010933433
165.1703665915893
212.77041617668561
271.773803005367
339.2804886815627
395.5028444904031
466.3284786499748
505.89549316039574
512.379010108728
513.9927042283772
512.5858464686671
503.8352905464245
472.00026483043416
428.83709028021354
382.2594014540388
333.91690583137597
271.1756810630334
245.08416921539424
191.637678967368
164.70048573091702
123.2000405844089
98.36793176640444
122.52550754842846
168.6475615003075
221.8338342093018
232.42202993692314
235.86701761797897
235.2073553271666
228.1589358320204
217.91053209975877
200.3453268733763
176.24485808102318
120.7683733433551
80.40055969954437
66.54697588921678
109.83282751527432
147.61859638947934
201.08269443191773
258.49564793241683
313.12936623702353
376.3841123108147
416.0688044061943
431.50028968704066
436.4263970018312
439.1870330508404
435.11866197624755
430.7217779495251
386.6167352818551
346.93299064805007
303.97573916350626
264.2106167435366
208.73248429509002
172.2708623070077
117.21987886020015
83.80483279620573
106.13434882261257
146.98639392814562
188.64848263370686
196.32689576316332
194.54112675730033
185.52897347853784
129.05909499140307
68.5054742338158
68.66039615382364
85.0881895447306
158.41717078650282
213.24926729065214
271.0096861737602
331.45776503198715
429.6233815797273
510.54896924780877
644.3673253665179
721.673402585962
735.4428937721814
731.5533131631624
713.2014091405036
680.4346037643883