0.0
0.5
0.5
1.5811388300841898
1.4142135623730951
1.0
2.5
2.9154759474226504
2.0
2.0615528128088303
2.5
1.5811388300841898
2.8284271247461903
3.2015621187164243
2.23606797749979
2.9154759474226504
3.3541019662496847
3.905124837953327
3.5355339059327378
3.8078865529319543
3.2015621187164243
1.8027756377319946
3.1622776601683795
3.605551275463989
3.605551275463989
4.031128874149275
3.905124837953327
3.5355339059327378
4.716990566028302
4.242640687119285
2.9154759474226504
4.924428900898052
5.0
4.47213595499958
4.031128874149275
2.5
4.47213595499958
5.1478150704935
5.70087712549569
5.315072906367325
6.363961030678928
4.301162633521313
5.315072906367325
6.4031242374328485
5.5901699437494745
5.315072906367325
5.70087712549569
6.103277807866851
5.024937810560445
6.519202405202649
7.433034373659253
18.788294228055936
47.75458093209488
63.324560795950255
58.309518948453004
69.22607890094599
93.29657014060056
34.04776057246644
73.11976476986233
114.60039266948434