0.7071067811865476
0.7071067811865476
1.4142135623730951
1.4142135623730951
0.5
0.5
0.0
0.7071067811865476
1.118033988749895
0.5
0.7071067811865476
0.5
1.5
1.4142135623730951
0.5
1.5811388300841898
1.5811388300841898
1.4142135623730951
1.118033988749895
2.0615528128088303
1.4142135623730951
0.7071067811865476
1.118033988749895
1.8027756377319946
1.118033988749895
1.8027756377319946
1.4142135623730951
1.118033988749895
2.23606797749979
2.0615528128088303
1.118033988749895
1.8027756377319946
2.5
2.692582403567252
1.4142135623730951
1.5
2.5495097567963922
2.5
2.1213203435596424
3.0
2.5495097567963922
2.8284271247461903
2.5
4.47213595499958
3.3541019662496847
2.5
2.9154759474226504
2.9154759474226504
3.8078865529319543
8.514693182963201
12.010412149464313
15.572411502397436
2937.2095601097312
2937.2095601097312
2937.2095601097312
2937.2095601097312
2937.2095601097312
2937.2095601097312
2937.2095601097312
2937.2095601097312