2937.2095601097312
2937.2095601097312
2937.2095601097312
2937.2095601097312
2937.2095601097312
2937.2095601097312
2937.2095601097312
2937.2095601097312
2937.2095601097312
162.54922331404725
2937.2095601097312
2937.2095601097312
163.59248148982886
2937.2095601097312
2937.2095601097312
109.82030777593005
2937.2095601097312
2937.2095601097312
2937.2095601097312
2937.2095601097312
2937.2095601097312
511.9570294468082
508.7366705870533
505.8035685916026
504.2323373208029
501.9651382317302
496.74666581669175
495.6059422565472
494.2519600365789
495.6059422565472
504.143828683839
502.7874799554977
506.166227636732
510.9376185015153
512.2987409705396
512.2987409705396
512.5087804125897
511.812465655146
512.2658001467597
512.7192214068046
513.1727292052842
510.9060579010588
512.4768287444809
511.9946288780772
511.9946288780772
510.85027160607444
510.85027160607444
510.6118878365446
509.73252790066283
509.4941118403627
511.0895224909233
507.68715760791116
2937.2095601097312
2937.2095601097312
498.45611642350224
497.1068798558314
498.90605328057507
502.05826355115397
504.2940610397866
503.8434776793285
500.02399942402764
494.8517454753494
493.95470440112217
487.23967408247864
2937.2095601097312
2937.2095601097312
486.34992546519425
492.82958515089166
2937.2095601097312
2937.2095601097312
2937.2095601097312
2937.2095601097312
2937.2095601097312
2937.2095601097312
2937.2095601097312
2937.2095601097312
2937.2095601097312
2937.2095601097312
2937.2095601097312
2937.2095601097312
2937.2095601097312
2937.2095601097312
2937.2095601097312
2937.2095601097312
2937.2095601097312
2937.2095601097312
504.012896660393
500.2092062327522
500.4338118073158