6.708203932499369
4.272001872658765
10.51189802081432
7.433034373659253
3.905124837953327
5.1478150704935
6.020797289396148
7.106335201775948
6.020797289396148
3.8078865529319543
5.315072906367325
5.0
5.852349955359813
7.826237921249264
18.034688796871432
17.7341478509682
12.298373876248844
14.115594213493104
13.601470508735444
9.219544457292887
11.715374513859981
12.041594578792296
9.86154146165801
10.307764064044152
6.041522986797286
7.433034373659253
6.18465843842649
8.5
10.295630140987
8.06225774829855
13.82931668593933
17.84656829757475
17.755280904564703
13.892443989449804
8.602325267042627
6.519202405202649
7.433034373659253
3.3541019662496847
5.522680508593631
8.32165848854662
8.54400374531753
12.854960132182441
13.536986370680884
6.946221994724902
6.264982043070834
5.70087712549569
8.73212459828649
14.773286702694158
14.422205101855956
18.027756377319946
17.240939649566666
15.532224567009067
16.77050983124842
13.038404810405298
12.529964086141668
0.5
13.0862523283024
12.010412149464313
10.111874208078342
7.0710678118654755
10.688779163215974
2.23606797749979
6.96419413859206
7.5
9.962429422585638
8.631338250816034
11.672617529928752
10.965856099730654
8.602325267042627
10.735455276791944
222.98542553270158
191.97004974734992
673.8109898183615
734.1690881534035
802.0244697015173
888.1780508434106
984.3303561305015
1.4142135623730951
4.716990566028302
18.309833423600555
29.702693480558292
21.02974084481309
5.0990195135927845