1.0
1.0
1.8027756377319946
2.0615528128088303
1.5
2.1213203435596424
3.605551275463989
2.9154759474226504
3.605551275463989
3.8078865529319543
4.031128874149275
3.605551275463989
3.5355339059327378
4.242640687119285
4.301162633521313
5.408326913195984
5.0
5.0
7.810249675906654
7.7781745930520225
7.7781745930520225
8.200609733428363
7.106335201775948
8.514693182963201
7.433034373659253
8.48528137423857
9.7082439194738
10.547511554864494
11.510864433221338
10.700467279516348
10.295630140987
9.924716620639604
9.300537618869138
10.977249200050075
10.735455276791944
9.013878188659973
9.617692030835672
9.656603957913983
10.977249200050075
10.062305898749054
9.17877987534291
10.0
11.510864433221338
12.619429464123963
11.704699910719626
12.349089035228468
12.093386622447824
11.853269591129697
12.083045973594572
13.200378782444085
13.200378782444085
12.816005617976296
12.747548783981962
15.20690632574555
15.041608956491324
15.041608956491324
14.577379737113251
14.577379737113251
14.866068747318506
15.435349040433131
16.446884203398525
16.347782724271816
16.55294535724685
16.492422502470642
17.08800749063506
17.46424919657298
17.392527130926087
16.91892431568863
17.269916039170543
17.46424919657298
17.00735135169495
17.55704986607944
17.269916039170543
17.92344832893492
18.200274723201296
17.72004514666935
18.34393632784414
19.13765920900464
18.82153022471871
19.13765920900464
19.313207915827967
19.60867155112758
19.924858845171276
19.300259065618782
19.78004044485248
20.081085628023203
20.8806130178211
20.130822139197395
19.03943276465977