5.0
5.0990195135927845
5.522680508593631
5.5901699437494745
6.0
7.0
5.220153254455275
4.123105625617661
3.640054944640259
4.031128874149275
2.5
2.5
2.1213203435596424
2.8284271247461903
2.0
2.23606797749979
1.118033988749895
1.5811388300841898
3.905124837953327
3.2015621187164243
3.905124837953327
4.031128874149275
4.272001872658765
4.47213595499958
3.640054944640259
4.272001872658765
2.692582403567252
5.024937810560445
6.18465843842649
5.5901699437494745
5.385164807134504
5.70087712549569
4.272001872658765
5.522680508593631
6.5
5.522680508593631
5.024937810560445
5.5
6.519202405202649
7.0178344238090995
6.519202405202649
6.519202405202649
6.0
6.5
5.522680508593631
5.5
5.5
5.0
5.024937810560445
4.6097722286464435
4.0
3.5
4.272001872658765
5.220153254455275
3.5355339059327378
3.0413812651491097
4.272001872658765
3.8078865529319543
4.272001872658765
4.6097722286464435
3.8078865529319543
3.2015621187164243
3.640054944640259
3.2015621187164243
4.272001872658765
3.8078865529319543
3.5355339059327378
3.3541019662496847
3.640054944640259
3.1622776601683795
3.5355339059327378
2.692582403567252
2.5
3.0413812651491097
3.640054944640259
2.5495097567963922
3.0413812651491097
3.5
3.5
3.0413812651491097
3.5
3.0
2.5
2.0615528128088303
3.5355339059327378
4.0
3.5355339059327378
4.0