12.246805190006853
12.518760899984045
12.48836245998973
12.531848549988354
12.362746130020241
12.707344369991915
13.006222889962373
12.909482789982576
13.088269330037292
13.089236340019852
13.147606119964621
13.119676380010787
13.233692909998354
13.25745697999082
13.225474910068442
13.130788729977212
12.99923222999496
12.836336469990783
12.980507030006265
12.988871220004512
13.163869620038895
13.13429948000703
13.187648900056956
13.15219309006352
13.263812180011882
13.212605189983151
13.096322270066594
13.121628860026249
13.114016170002287
13.138828349983669
13.138707760008401
13.225409060032689
13.26190897001652
13.036301100000856
12.993871719954768
13.071078889988712
13.1708296299621
13.12177348001569
13.235832779973862
13.06796677003149
13.058865059938398
13.017790900048567
12.98662585002603
13.017838599989773
13.079390350030735
13.027891179954167
12.919975350014283
13.061270940015675
12.965321950032376
12.81742323000799
12.875170530023752
12.824513739979011
12.595188549967133
12.722229560022242
12.75493673994788
12.802493409981253
12.654558979993453
12.758582680035033
12.538697119962308
12.676633769951877
12.56789121995098
12.540425350016449
12.52619742997922
12.518295789996046
12.25690470993868
12.278953360000742
12.279578649977339
12.01413261005655
12.032903420040384
12.043027809995692
12.02278713004489
11.928292290031095
12.114177939947695
12.142362560043694
11.985585529982927
12.07800636999309
12.067183110048063
12.002005750036915
11.917555940017337
11.975005460044486
12.037383009956102
11.84597453000606
12.360759369985317
12.37023887995747
12.365815279990784
12.241339560059714
12.276053890018375
12.310181180000654
12.318178749992512