0.813953488372093
0.7183098591549296
0.7430167597765364
0.7945041816009558
0.6971830985915493
0.8333333333333334
0.812958435207824
0.7718040621266428
0.7945041816009558
0.7945041816009558
0.7718040621266428
0.76
0.7026406429391504
0.76
0.813953488372093
0.7394366197183099
0.8172043010752689
0.7945041816009558
0.7945041816009558
0.7945041816009558
0.7945041816009558
0.7768691588785047
0.7945041816009558
0.7430167597765364
0.7990654205607477
0.8571428571428571
0.8571428571428571
0.7769784172661871
0.7768691588785047
0.813953488372093
0.7768691588785047
0.8399044205495818
0.813953488372093
0.8571428571428571
0.76
0.778642936596218
0.7467248908296943
0.7990654205607477
0.8
0.8409090909090909
0.76
0.8172043010752689
0.7633928571428571
0.7467248908296943
0.8
0.8409090909090909
0.7147335423197492
0.7990654205607477
0.7105263157894737
0.7768691588785047
0.7837235228539576
0.7147335423197492
0.6952789699570815
0.7816901408450704
0.7633928571428571
0.7651006711409396
0.8434579439252337
0.8034285714285714
0.8034285714285714
0.7113062568605928
0.8026030368763557
0.7666303162486369
0.7633928571428571
0.8234019501625135
0.7484407484407485
0.7352342158859471
0.7643312101910829
0.8222222222222222
0.8026030368763557
0.7847295864262991
0.7643312101910829
0.8837209302325582
0.7817589576547231
0.8222222222222222
0.7817589576547231
0.7867494824016563
0.7676348547717843
0.8637873754152824
0.8026030368763557
0.8034285714285714
0.7817589576547231