1
0.8769230769230769
1
0.9256410256410257
0.8538461538461538
0.925
0.9012820512820513
0.9012820512820513
0.9256410256410257
0.9256410256410257
0.9012820512820513
0.9743589743589743
0.9012820512820513
0.9743589743589743
1
0.9
0.9036295369211514
0.9256410256410257
0.9256410256410257
0.9256410256410257
0.9256410256410257
0.9036295369211514
0.9256410256410257
0.9047619047619048
0.9274092615769712
0.95
0.95
0.8571428571428571
0.9036295369211514
1
0.9036295369211514
0.882640586797066
0.95
1
0.9743589743589743
0.8614668218859138
0.8626309662398137
0.882640586797066
0.8837209302325582
0.9285714285714286
0.9274092615769712
0.9036295369211514
0.8831942789034565
0.8626309662398137
0.8040089086859689
0.8430034129692833
0.9059233449477352
0.882640586797066
0.8615751789976134
0.9036295369211514
0.9047619047619048
0.9059233449477352
0.8414918414918415
0.8201438848920863
0.8414918414918415
0.8853046594982079
0.8434579439252337
0.8853046594982079
0.8853046594982079
0.8191365227537923
0.8425720620842572
0.8430034129692833
0.8015963511972634
0.8637873754152824
0.8647450110864745
0.7694704049844237
0.8843537414965986
0.9069767441860465
0.8843537414965986
0.8637873754152824
0.8843537414965986
0.9285714285714286
0.8626560726447219
0.9069767441860465
0.9059233449477352
0.8245243128964059
0.8050847457627118
0.8234019501625135
0.8425720620842572
0.8853046594982079
0.9059233449477352