0.5
0.0
0.7071067811865476
1.5811388300841898
1.118033988749895
0.5
0.5
1.0
1.118033988749895
0.7071067811865476
1.0
1.5
1.8027756377319946
1.0
2.5
2.0615528128088303
3.1622776601683795
1.5811388300841898
2.5495097567963922
1.5
2.5495097567963922
3.0
2.5495097567963922
2.5495097567963922
3.5355339059327378
3.0413812651491097
4.0
4.123105625617661
3.5355339059327378
4.5
5.5901699437494745
4.924428900898052
4.743416490252569
5.830951894845301
6.708203932499369
8.276472678623424
7.433034373659253
7.5
7.211102550927978
7.826237921249264
9.433981132056603
11.853269591129697
13.038404810405298
12.619429464123963
16.32482771731451
17.334935823359714
17.755280904564703
21.095023109728988
24.545875417267155
27.879203718901298
32.33032632065442
36.359317925395686
43.73213921133976
52.22307918918608
2937.2095601097312
2937.2095601097312
2937.2095601097312
2937.2095601097312
2937.2095601097312
2937.2095601097312