0.7689830892105733
0.7548508447684592
0.7437808181036563
0.6303629745848629
0.6318857113648818
0.7052884572663453
0.6551732292732776
0.6985181048253012
0.8728308356706754
0.8061787804059456
0.8813669797868063
0.856035143252916
0.5963991254226503
0.5283985084636316
0.5432215158399141
0.5313110777907759
0.5166861374224886
0.5211479247372708
0.4002849673304583
0.7504494994361637
0.7734979772824767
0.7504263204312974
0.7482014690165629
0.7537599151460235
0.707620216334766
0.7313226075644377
0.7644834567575364
0.7420465798362478
0.7644079402908946
0.7351350986569224
0.844982260494205
0.7954450067429042
0.8107042654057767
0.577992363489365
0.6096025936565854
0.6170146463072606
0.6058355088102368
0.639565928311461
0.5898810851464243
0.6257959908732271
0.6331469381593293
0.6111741887987143
0.5615969224995983
0.487828996159994
0.4756689605570714
0.47665757115151763
0.48151783527003666
0.4652847306072588
0.45212719786508726
0.4335455032414117
0.39205652022843485
0.5248158563830138
0.42226056017946006
0.49663815713775633
0.48836147558062254
0.43181930291742326
0.4849852551215953
0.4706059701232918
0.4718395880075637
0.451482099168771
0.42212619894001985
0.42719297945149
0.4044191385508998
0.38480576499438385
0.5296870785856297
0.5084005291481438
0.4846730488618053
0.4913559772010865
0.47181574949711264
0.48336968022206345
0.46957761950039817
0.43919611848401113
0.4673626632365814
0.4399266335714185
0.4299389197600529
0.41950973840169425
0.3939750698524913
0.3866176027998964
0.38772448159013395
0.3929853659783277
0.3762015441298414
0.383456876877948
0.35940557085953345
0.36191592430345937
0.3503566605653138
0.3413678364875863
0.32304980995618426
0.3083016825012615
0.33383790093913007