0.9130434782608695
0.847032967032967
0.875
0.839258780435251
0.8657479439875528
0.8578878748370273
0.8296059637912673
0.8786835878683588
0.8451957295373665
0.8777395788568972
0.8070137225005446
0.8541666666666666
0.8410737111205795
0.8296059637912673
0.8494997825141366
0.8823260073260073
0.8520384791571233
0.8762035763411279
0.8044532627865961
0.7929515418502202
0.7765551313721087
0.8
0.7813891362422084
0.7685512367491166
0.7493374558303887
0.7440212577502214
0.7722772277227723
0.7691652470187393
0.7097050021376656
0.7121739130434782
0.7726063829787234
0.7099205540843349
0.7451902522445489
0.7496324301617308
0.7425136612021858
0.7596510359869139
0.7468844005156854
0.7457627118644068
0.7144046627810158
0.7333333333333333
0.7067106710671067
0.6862662746745065
0.6579612468407751
0.6509671993271657
0.6763450042698548
0.678245766391663
0.6521360069747166
0.6510829937808278
0.6333615580016935
0.6415891800507185
0.616822429906542
0.6426116838487973
0.592094196804037
0.591801878736123
0.5998701579744644
0.6081614743308469
0.6084701815038893
0.591801878736123
0.5904091509018917
0.5825917082700238
0.5580395528804815
0.5409836065573771
0.5361344537815126
0.5296803652968036
0.5176470588235295
0.4883720930232558
0.5344129554655871
0.4976425203600514
0.47846481876332625
0.4646808510638298
0.4202682563338301
0.4532188841201717
0.4122137404580153
0.41792656587473004
0.42629310344827587
0.4142763301948763
0.4485981308411215
0.4017391304347826
0.40544098288723124
0.36464826357969726
0.37516339869281046
0.38198757763975155
0.37333036509349954
0.3584140572200946
0.3492779783393502
0.35294117647058826
0.36464826357969726
0.3309734513274336
0.3644067796610169