1
0.9458207918499653
0.9565217391304348
0.8776946766388033
0.9480157809236481
0.917900403768506
0.8673913043478261
0.9178743961352657
0.8676271949572265
0.8805681084570691
0.8451957295373665
0.8416467000653453
0.878695652173913
0.8339026473099914
0.8523197560444348
0.8142100617828774
0.8024966562639322
0.8407557354925776
0.7724122996968384
0.7619047619047619
0.732209327786293
0.7522123893805309
0.7660560582652836
0.7378472222222222
0.7676857844231199
0.7440212577502214
0.7121739130434782
0.7373483897950648
0.710070558050032
0.7136640557006092
0.7244501940491591
0.7102689486552567
0.7602414833980163
0.7318087318087318
0.710362583136666
0.7433016421780466
0.7468844005156854
0.7457627118644068
0.6988448844884488
0.7333333333333333
0.7067106710671067
0.7016317016317016
0.6579612468407751
0.6509671993271657
0.6763450042698548
0.678245766391663
0.6521360069747166
0.6510829937808278
0.6333615580016935
0.6415891800507185
0.616822429906542
0.6426116838487973
0.592094196804037
0.591801878736123
0.5998701579744644
0.6081614743308469
0.6084701815038893
0.591801878736123
0.5904091509018917
0.5825917082700238
0.5580395528804815
0.5409836065573771
0.5361344537815126
0.5296803652968036
0.5176470588235295
0.5238095238095238
0.5344129554655871
0.5151777970511708
0.47846481876332625
0.4978241949521323
0.4492722137736259
0.4532188841201717
0.44048943270300334
0.4318429661941112
0.44057466260339573
0.4142763301948763
0.4485981308411215
0.4017391304347826
0.40544098288723124
0.3887630267331219
0.0
0.0
0.0
0.0
0.0
0.0
0.0
0.0
0.0