6.2200839100114536
6.443334150026203
6.41661601002852
6.442058660031762
6.411400969955139
6.417028030045913
6.406117639999138
6.462819700027467
6.354749929960235
6.3477926699852105
6.466107669984922
6.375135959970066
6.385202880046563
6.373295960001997
6.438339129963424
6.395716099941637
6.422390790030477
6.4346949299942935
6.469231780065456
6.4775979700061725
6.456203470006585
6.421549129954656
6.45658077999542
6.4279768200503895
6.418779130035546
6.397101600014139
6.403641090000747
6.384067190010683
6.388849270006176
6.39259490002587
6.389210280030966
6.3955584499490215
6.387700179984677
6.399898920062697
6.435185370064573
6.416032589986571
6.4263890200527385
6.379508149984758
6.3716063700121595
6.374158920007176
6.400074390039663
6.436031550038024
6.402799520001281
6.451399530051276
6.402146730033564
6.3896505199954845
6.374915470005362
6.388080830001854
6.39672163000796
6.39323568000691
6.413378299985197
6.559491399966646
6.534522939982708
6.534484959993279
6.536165090001305
6.5311591399949975
6.514112369986833
6.72426262004592
6.696145340029034
6.594375919958111
6.493770300003234
6.515810240016435
6.540751809952781
6.664424980044714
6.521433910020278
6.5380423000169685
6.615402700044797
6.644956309974077
6.59754674998112
6.463042670002324
6.547940849995939
6.62384392999229
6.578665179986274
6.63951550006459
6.537149469950236
6.587281490064925
6.5987650099850725
6.6882721400179435
6.632736989995465
6.624547209939919
6.761462909998954
6.841995449940441
6.772416429957957
6.580700689955847
6.566740469934302
6.559035099999164
6.544986969965976
6.522367340003257
6.522365159980836