0.8300536672629696
0.8300536672629696
0.9696969696969697
0.9401709401709402
0.8558241758241758
0.8178260869565217
0.7279090113735783
0.5272331154684096
0.5483549351944168
0.6716109003104519
0.6720977596741344
0.7104166666666667
0.7104166666666667
0.6910401647785788
0.7104166666666667
0.7104166666666667
0.5345794392523364
0.4454225352112676
0.6179401993355482
0.5739299610894941
0.8676337262012692
0.7941908713692946
0.8333333333333334
0.8243352135374697
0.7884841363102233
0.7434135166093929
0.7217194570135747
0.7434135166093929
0.7884841363102233
0.7884841363102233
0.701603879149571
0.6374611935150052
0.7275960170697012
0.7893518518518519
0.7893518518518519
0.7668571428571429
0.7893518518518519
0.7893518518518519
0.7893518518518519
0.7893518518518519
0.7893518518518519
0.7893518518518519
0.7893518518518519
0.7583395107487028
0.7583395107487028
0.7370926400585865
0.7583395107487028
0.7583395107487028
0.7583395107487028
0.7370926400585865
0.7583395107487028
0.7583395107487028
0.7583395107487028
0.7691729323308271
0.7691729323308271
0.7474935016709989
0.7263389581804842
0.7056904675607104
0.6855300859598854
0.6278104462123832
0.5739130434782609
0.6855300859598854
0.7691729323308271
0.5813953488372093
0.32970908022333234
0.2015400955921402
0.11370908195914349
0.05379599441080578
0.1942465030351016
0.515625
0.2899087095978288
0.572419774501301
0.6030061892130858
0.45311247662302967
0.4585679806918745
0.6030061892130858
0.6030061892130858
0.5341161536020311
0.6381514257620452
0.61248
0.6902834008097166
0.6835950551286335
0.6494271685761047
0.5791287997492949
0.5629652605459057
0.7338593974175036
0.5622502305564094
0.6574172892209178
0.7607709750566893