24.925304140051594
24.808065249962965
24.86505421002221
24.752507459998014
24.783525460006786
24.641181120023248
24.688342989975354
24.72085289999086
24.74994798001717
24.61361488996772
24.587782349990448
24.83818243999849
24.842127169977175
24.733179850009037
24.869995240005665
24.783318240006338
25.06053446995793
24.951138839969644
24.95439737002016
24.72767579005449
24.86288919004437
24.692388539988315
24.527541939969524
24.834916710024117
24.721112689949223
24.863224150030874
24.744987209996907
24.85536536005384
24.856806859970675
24.669255839980906
24.736234769952716
24.802467219997197
24.82514411000011
24.846022600031574
24.622360799985472
24.600869079949916
24.620502949983347
24.96151644998463
24.56554676995438
24.81636668999272
24.733032750009443
24.821999210034846
24.69663206000405
24.72845854004845
24.82589195999026
24.759128890000284
24.732929220044753
24.82249144995876
24.658827309976914
24.694259039970348
24.923068049974972
24.78805070000817
24.841993500012904
24.77275067998562
24.75339445998543
24.664754060067935
24.588404160022037
24.845742269972106
24.91503979996196
24.81445448996965
24.47773921994667
24.852179880035692
24.7891911300394
24.81406959996093
24.684829609977896
24.755795160017442
24.644025200032047
24.73594477000006
24.768574260015157
24.68327335001959
24.77078267998877
24.739082519954536
24.912865299993427
24.735573490033858
24.630381380047766
24.582185780018335
24.568770160040003
24.592685759998858
24.89168610998604
24.513517469968065
24.5580365400383
24.759906710023643
24.50512591000006
24.53404694002529
24.953055570003926
24.864583220041823
24.821010550003848
24.655400420015212
24.84282653000264