4.299397310023778
4.441413019958418
4.299664420032059
4.305308990005869
4.327140149980551
4.316656820010394
4.355824800004484
4.323884710029233
4.3625416699796915
4.364268790013739
4.368053130019689
4.375080519967014
4.3702452599973185
4.491571290054708
4.406137390033109
4.4179605200042715
4.430196460016305
4.423406190035166
4.420702950010309
4.412193949974608
4.415392480004812
4.438505770012853
4.417896020022454
4.410796130032395
4.418018110009143
4.452799319988117
4.441657409988693
4.433691589947557
4.436457240008167
4.420719350018771
4.4360105299710995
4.43894026997441
4.427230720029911
4.4247918899782235
4.428709139974671
4.438800649950281
4.411110320070293
4.423835869965842
4.420041230041534
4.458564579981612
4.398889770018286
4.4095388099958654
4.396950869995635
4.409977600007551
4.415226079945569
4.422752570026205
4.414123250026023
4.446218939992832
4.425520989971119
4.425729680006043
4.432519179972587
4.440707370013115
4.547466829972109
4.6695233899663435
4.675646760006202
4.580007719996502
4.433295670023654
4.41671487998974
4.411488309997367
4.4181671000114875
4.4642147299600765
4.435666200006381
4.430280039960053
4.44315408996772
4.456654850000632
4.4412872600514675
4.4324890700227115
4.4472585299809
4.447431840017089
4.4478451399481855
4.458812869997928
4.445934719988145
4.45016076999309
4.451953989992035
4.485471690059057
4.4909741500305245
4.4972131200484
4.482605149969459
4.478488699969603
4.478761910067988
4.4890500100154895