1
0.9830508474576272
0.96
0.9177027827116637
0.8961493582263711
0.822429906542056
0.7758173326414115
0.7051966974259349
0.7459514170040485
0.7790697674418605
0.7816091954022989
0.7954545454545454
0.8206195099398983
0.7559055118110236
0.8273757628596339
0.8136986301369863
0.786046511627907
0.7416550764951322
0.806108442004118
0.7420814479638009
0.7865676461091379
0.7515605493133583
0.7388535031847133
0.7013021525378688
0.7498049414824447
0.7080656673804425
0.7737824305871643
0.7537491849597914
0.701123595505618
0.7428353076041269
0.7329420396184886
0.7004132231404959
0.7208872458410351
0.7260920897284534
0.6701570680628273
0.8013289036544851
0.774482109227872
0.747742136406104
0.7296137339055794
0.7313794030653401
0.777998253829669
0.7406444906444907
0.7281743442515985
0.7446323617608253
0.7745729938768934
0.7671421778411792
0.7841520861372813
0.753567824708087
0.7772741288930003
0.8013221990257481
0.7647245091830273
0.6482254697286013
0.5217210342854169
0.42551188514944693
0.31529306085784864
0.20945454545454545
0.12577827547592385
0.07174689290558309
0.038081030683166636
0.03518880208333333