3.605551275463989
2.5
10.012492197250394
10.920164833920778
8.0156097709407
9.12414379544733
2.5
2.692582403567252
8.514693182963201
9.513148795220223
9.5524865872714
9.5524865872714
4.123105625617661
2.5495097567963922
4.0
2.0
10.51189802081432
7.566372975210778
4.0
474.0005274258669
231.69484241130618
2937.2095601097312
2937.2095601097312
2937.2095601097312
2937.2095601097312
2937.2095601097312
2937.2095601097312
2937.2095601097312
2937.2095601097312
243.89546941261537
239.841614404173
235.5472351779999
232.37953868617606
228.55415113272392
1.5
5.522680508593631
0.0
1.0
1.118033988749895
2.0615528128088303
1.118033988749895