25.23384289997921
25.002161700031138
25.050476630058256
25.005833219984197
25.10623479996866
24.961366990028182
25.02519433000998
25.095992560018203
25.164651349987253
25.161347309986013
25.156347259980976
25.250702960038325
25.315553930049646
25.27400631995988
25.147173029981786
25.186631190008484
25.31675632999395
25.560556669952348
25.700668420031434
25.757131579957786
25.875570670032175
25.731587469999795
25.56414949001919
25.829359510025824
25.754663330008043
25.847759320022305
25.68727484998817
25.702058499955456
25.787677010011976
25.482667820033384
25.606137750000926
25.556828289991245
25.52366868003446
25.571616950037424
25.41831965005258
25.17744462005794
25.227716590015916
25.55294721001701
25.21235391999653
25.397468579976703
25.175118769984692
25.348146489995997
25.359936140011996
25.462496530017233
25.62433843006147
25.36804902003496
25.386990330007393
25.40412804999505
25.214514289982617
25.152001759997802
25.480339720015763
25.323206480024965
25.336245630023768
25.21290886004863
25.352095700000064
25.26844362997508
25.401551379982266
25.407972949979012
25.48166519998631
25.41488244001812
25.293415389969596
25.546081459979177
25.58509269998467
25.537430659969687
25.45765510003548
25.47727795004903
25.477326440013712
25.524123770010192
25.808803430045373
25.639597319968743
25.730308490019524
25.833428500045557
25.918463800044265
25.663833310027258
25.438328640011605
25.316826530033723
25.345358069971553
25.57470153995382
25.58758969003975
25.342644920019666
25.302839249998215
25.575980540015735
25.238044989964692
25.19277184997918
25.528533479955513
25.40680555997824
25.484645969991107
25.35884976001398