26.47991675999947
26.525665230001323
26.530993869964732
25.724122739993618
24.752460239978973
24.99222064994683
24.95373235004081
24.99460358005308
24.926054130046396
24.894868140036124
24.8659543699614
24.91503338998882
24.941137510031695
24.95232966997719
24.995116799982497
24.842610799969407
25.02804630996252
24.988725729999715
24.97978604005766
25.034583719971124
25.19755615001486
25.10883176997595
24.957025070034433
25.27819069000543
25.170248220019857
25.08978143996501
25.071287820028374
24.987872389974655
25.24604170997918
24.86760673004028
25.02472817002854
25.079500380015816
25.065326210024068
25.13878874000511
24.96247465001943
24.930882379994728
24.84481412997411
25.118474630071432
24.841625109984307
25.063112580028246
24.782128110018675
25.04036851998535
24.89955047996773
24.959213149995776
25.15890643997409
25.060042019977118
24.88423707000038
24.980908680008724
24.86789310001768
24.87999706994742
25.07390648999717
25.03396262000024
25.018809550019796
24.885905439950875
25.147691880047205
24.930076819946407
25.046468359942082
25.07659076996788
25.219825449967175
25.02680038996914
24.7972253899934
24.969176219965448
25.14227359002689
25.10231352003757
24.9344290800218
24.823072219951428
25.00351556998794
24.953056669983198
25.099515999972937
24.90786267997464
24.954328079984407
25.012535819987534
25.064586579974275
24.843451979977544
24.67942929994024
24.633259370020824
24.833374750014627
24.945702469995013
25.128796839999268
24.91765957995085
24.852063819998875
24.990852329938207
24.618231799977366