0.04917414997180458
0.05348240003513638
0.04547858996374998
0.046585920063080266
0.0510423700325191
0.053021399944555014
0.053918189951218665
0.04851272999076173
0.04796813998837024
0.046242219978012145
0.048695539953769185
0.053999299998395145
0.048135640026885085
0.046612829974037595
0.04657751000195276
0.04745623002236243
0.04831143996852916
0.046631519944639876
0.0488878400210524
0.05446821000077762
0.054396510022343136
0.04857553998590447
0.04741591998026706
0.04718643001979217
0.04781694005941972
0.047552729956805706
0.04688553002779372
0.04902354994555935
0.046223519966588356
0.04706522995547857
0.055926019995240495
0.05034216999774799
0.05018914998800028
0.052985389993409626
0.05253698996966705
0.05060786999820266
0.04931073999614455
0.04920414001389872
0.049986070007435046
0.05045455000072252
0.05011505003494676
0.02314755998668261
0.021922249943600036
0.02272796002216637
0.025133579983958043
0.025457790034124628
0.024869570042937994
0.0222819500049809
0.021480440045706928
0.021827949967700988
0.021821039990754798
0.021793039995827712
0.02148963998479303
0.022106239994172938
0.021662540020770393
0.021973940019961447
0.02162573000532575
0.02176873997086659
0.021650639973813668
0.02171034000639338