0.8588235294117647
0.8349609375
0.8146669992516837
0.7775857812885707
0.7214765100671141
0.6705146705146705
0.6614883487847657
0.6583120204603581
0.6845433847710599
0.6759098786828422
0.6672508763144717
0.6580612503163756
0.6161641753230301
0.6101316116215545
0.5734767025089605
0.545774647887324
0.5196850393700787
0.542088373241175
0.5111166625031227
0.4881220305076269
0.49462902822882837
0.4695783892956324
0.5044495296211543
0.48638521109168126
0.5672952725393955
0.6117282355980367
0.5672952725393955
0.4841549295774648
0.592611728235598
0.5656164723393698
0.5680655066530195
0.5157074641869817
0.5017258382642998
0.4505521472392638
0.5638270657457151
0.5244667503136763
0.5229699528184752
0.5443847531337939
0.5053952321204517
0.47388247112004017
0.46625155666251555
0.500633392449962
0.5179537629119528
0.45237496858507165
0.4722843649018146
0.49127978383689513
0.5060778963036467
0.46552984165651645
0.46031351082358796
0.48389551103220896
0.49391606655078224
0.4678650578675203
0.42387543252595156
0.40657439446366783
0.4585077567101699
0.4469921104536489
0.411663807890223
0.4449865820931935
0.35149124969189055
0.3870329126453848
0.3566755512478798
0.3412426614481409
0.354417917794733
0.354417917794733
0.3568444335217498
0.3357373787615021
0.32081571748321314
0.32092679319694356
0.3282765481223576
0.33217131474103584
0.3468616082682128
0.34408602150537637
0.34408602150537637
0.3352329038652131
0.3125763125763126
0.2962231547765984
0.31374939054119944
0.30819343522926584
0.32539877300613496
0.3081838289506021
0.31443173521538087
0.31197301854974707
0.32539877300613496
0.3188800792864222
0.2954380883417813
0.31629392971246006
0.2791373879331233
0.2951096121416526