0.0
2.5
1.8027756377319946
2.0
1.8027756377319946
2.23606797749979
3.0413812651491097
1.4142135623730951
2.1213203435596424
3.0413812651491097
3.5355339059327378
2.8284271247461903
1.4142135623730951
3.2015621187164243
3.2015621187164243
4.031128874149275
4.716990566028302
3.605551275463989
6.020797289396148
4.301162633521313
4.6097722286464435
3.905124837953327
3.1622776601683795
3.905124837953327
2.692582403567252
3.3541019662496847
4.6097722286464435
4.949747468305833
5.0
4.301162633521313
5.220153254455275
4.716990566028302
2.8284271247461903
5.385164807134504
3.905124837953327
3.605551275463989
2.9154759474226504
4.031128874149275
4.6097722286464435
4.47213595499958
3.8078865529319543
4.716990566028302
5.0
5.408326913195984
5.70087712549569
5.1478150704935
4.924428900898052
3.5355339059327378
4.272001872658765
4.924428900898052
4.272001872658765
4.123105625617661
4.716990566028302
5.1478150704935
5.1478150704935
5.70087712549569
5.70087712549569
3.605551275463989
4.47213595499958
5.315072906367325
6.708203932499369
4.242640687119285
6.020797289396148
4.743416490252569
5.830951894845301
6.103277807866851
5.0990195135927845
4.743416490252569
5.220153254455275
4.301162633521313
3.605551275463989
4.743416490252569
3.5355339059327378
3.2015621187164243
2.1213203435596424
1.8027756377319946
3.1622776601683795
3.905124837953327
3.1622776601683795
3.5355339059327378
4.949747468305833
4.301162633521313
5.1478150704935
6.041522986797286
5.315072906367325
5.0
5.70087712549569
4.716990566028302
5.0