2.0
1.5811388300841898
1.5
1.118033988749895
1.118033988749895
2.692582403567252
1.118033988749895
2.0615528128088303
1.5811388300841898
2.1213203435596424
1.118033988749895
1.8027756377319946
4.123105625617661
5.70087712549569
7.0710678118654755
7.615773105863909
13.946325680981353
12.539936203984453
9.848857801796104
8.139410298049853
14.508618128546908
2937.2095601097312
2937.2095601097312
2937.2095601097312
2937.2095601097312
2937.2095601097312
2937.2095601097312
2937.2095601097312
2937.2095601097312
129.73530745329123
133.57582116535912
136.34148304899725
141.92691781335915
145.18436554946265
147.62198345774928
153.16167928042574
157.175061635108
166.388100536066
172.32309769731972
179.11518640249352
187.12896622383184