0.8619329388560157
0.875751503006012
0.8982271831910703
0.8990476190476191
0.7735399284862932
0.838501291989664
0.793398533007335
0.7605893186003683
0.793398533007335
0.824422843256379
0.8024837374334713
0.8309859154929577
0.7108433734939759
0.7206585236325014
0.7072927072927073
0.6723646723646723
0.6807692307692308
0.6474622770919067
0.5882841711674284
0.5949579831932773
0.5612366230677764
0.5880398671096345
0.5365668813944676
0.525027808676307
0.48081494057724955
0.4660961158657011
0.4083044982698962
0.4083044982698962
0.4010195412064571
0.36085626911314983
0.35435435435435436
0.33618233618233617
0.2951844903064415
0.28095238095238095
0.27145429085817163
0.23308641975308642
0.21519756838905776
0.1926530612244898
0.18153846153846154
0.17138707334785766
0.14194065757818766
0.1419548872180451
0.12688172043010754
0.11230964467005077
0.09819013938007073
0.08698322992812826
0.07531113711307308
0.06745426829268293
0.056174872059348596
0.047686401293190545
0.03937270603937271
0.03155080213903743
0.024914225389284773
0.018797291915571484
0.013249494722658881
0.008801864801864802
0.005285554311310191
0.0030150047588528503
0.0016002712324122734
0.0015364583333333333