0.8623459999944316
0.9865878700657049
0.8599649699317524
1.0136759899614844
0.956945040015853
0.8690821700292872
0.8629897999344394
0.9617358000105014
0.8602852599869948
1.028517640006612
0.8200523399864323
0.799414799985243
0.8440514899848495
1.023794889988494
0.853412699943874
1.0915132499940228
0.8650647199829109
0.8692735799559159
1.0642922399711097
0.8997478999663144
0.8709658900625072
1.2351037500047823
1.0292442500212928
1.02647972998966
1.014447800043854
0.9379610399628291
0.88697717001196
0.9847102600178914
0.9912321199954022
0.9952682700532023
0.9146461699856445
1.018640830006916
0.8563609300472308
0.971835220043431
0.8136963599827141
0.9590918799949577
0.9029695399658522
0.884881449965178
0.9718161100317957
1.0162464099994395
0.9520535000046948
0.8531313899584347
0.9815123199950904
0.8357445000001462
0.9497685600217665
0.9471300400036853
0.8127865500136977
0.8824562100198818
0.8301107399893226
0.7992551999632269
0.9215017699898453
0.8048238499759464
0.6824869000411127
0.770620169932954
0.6799473599676276
0.6394779100082815
0.631256630003918
0.6940444099745946
0.6012516899500042
0.5882447399926605