0.7071067811865476
0.5
1.5811388300841898
0.7071067811865476
0.0
2.5495097567963922
3.605551275463989
2.5495097567963922
3.0413812651491097
3.5
3.905124837953327
3.640054944640259
2.5495097567963922
4.123105625617661
4.031128874149275
5.0990195135927845
4.743416490252569
4.743416490252569
6.800735254367722
6.5
7.158910531638177
7.433034373659253
6.041522986797286
7.905694150420948
7.158910531638177
7.433034373659253
9.340770846134703
10.307764064044152
10.793516572461451
10.594810050208546
10.606601717798213
9.486832980505138
9.82344135219425
11.76860229593982
11.597413504743201
9.617692030835672
10.606601717798213
11.01135777277262
12.257650672131263
11.045361017187261
10.547511554864494
10.793516572461451
12.747548783981962
12.36931687685298
13.0
13.509256086106296
12.093386622447824
12.539936203984453
12.010412149464313
13.509256086106296
13.009611831257688
13.0
13.038404810405298
14.577379737113251
14.5
14.508618128546908
14.0
13.509256086106296
14.508618128546908
14.534441853748634
15.508062419270823
14.508618128546908
15.074813431681335
15.033296378372908
15.5
15.572411502397436
15.532224567009067
15.008331019803634
14.508618128546908
14.0089257261219
14.534441853748634
15.008331019803634
13.5
14.534441853748634
14.0
14.534441853748634
14.035668847618199
15.008331019803634
14.035668847618199
14.508618128546908
13.509256086106296
13.509256086106296
14.5
13.509256086106296
14.0089257261219
14.035668847618199
15.508062419270823
14.0089257261219
13.0