23.79803649004316
24.375130949993036
24.307049449998885
24.49053799995454
24.775873020043946
25.10307569995348
25.032599699989078
25.125259839987848
25.03063807998842
24.945896709978115
24.881969790003495
24.002665459993295
24.069947120005963
23.810721289992216
23.58192784995481
24.942786199972034
24.980246940031066
25.639602329974878
24.594748090021312
24.915410589965177
24.583927080020658
24.298341320027248
23.65544273998239
23.524352649983484
23.219674110005144
23.591153689994826
23.75984903999779
23.753475419944152
23.72668756994244
23.41218620997097
23.274618549985462
22.741035639992333
21.896306429989636
22.280732719955267
22.73433236994606
23.07350128001417
23.31601904996205
23.567523620004067
23.575782059997437
23.721046760038007
23.458754569946905