20.482825880026212
18.677839459996903
18.88994779001223
22.06163872993784
25.632079979986884
26.124675050014048
29.927707160022692
40.998477280008956
41.547193419974064
37.2939295800461
26.401845380023587
25.40524418000132
30.41821005004749
35.77170138996735
39.40022410999518
32.53822015001788
30.589768290010397
31.68410241996753
19.554273199973977
14.433000429999083
15.578614470068715
19.017405150007107
22.646106709944434
23.08578532996762
23.714015320001636
22.676168799953302
22.361035050053033
21.64275130999158
19.822204090014566
20.00231749996601
23.027525860015885
23.676640569974552
23.6902874000225
24.149921349962824
24.092572160006966
24.43794403996435
24.200039169954835
23.736372549974476
23.763859050013707
23.534464240001398
24.72338798994315
23.89852742002404
25.263502480011084
24.16262253995228
23.88181453003199
24.424266060013906
24.33338779999758
25.328332760036574
23.92621657003474
24.46667238000373
24.24716128
24.372273690023576
22.047774940001545
20.068692469940288
21.174446889999672
21.220454409995
23.265995159963495
23.682541879970813
24.741374919976806
23.05361497994454
16.224668270006077
14.67090336002002
14.008489870029734
23.348280700010946
29.838221190002514
33.28359658997215
37.65456143999472
43.81555301006301
38.965100230052485
34.84244839004532
37.968999080039794
29.097810620005475
35.337434289976954
43.39854560006643
45.87039377001929
38.75223941999138
27.548700780025683
31.448031149993767
19.17929221999657
14.603304760021274
14.084671820019139
15.487369030015543
22.632400590009638
24.21144521002134
22.49538479001785
22.63889708003262
20.950978820037562
20.50693846998911
19.729733640051563