0.8042328042328042
0.8082191780821918
0.8309859154929577
0.4251831182420649
0.7874682472480948
0.6920275192229867
0.6952789699570815
0.6756972111553785
0.5151219512195122
0.7105541828450406
0.7104166666666667
0.7104166666666667
0.7104166666666667
0.6003898635477583
0.7104166666666667
0.6910401647785788
0.5345794392523364
0.45955555555555555
0.6179401993355482
0.5893909626719057
0.7531914893617021
0.6354009077155824
0.6278026905829597
0.7375287797390637
0.5992994746059545
0.5520054384772264
0.6157112526539278
0.6873614190687362
0.5832177531206657
0.6157112526539278
0.519653564290473
0.544744549300358
0.6373441186383553
0.6695464362850972
0.6330985915492958
0.707658321060383
0.707658321060383
0.707658321060383
0.6695464362850972
0.6695464362850972
0.6695464362850972
0.707658321060383
0.707658321060383
0.7583395107487028
0.7163531114327062
0.6961029674651412
0.7583395107487028
0.6991404011461319
0.6798866855524079
0.6961029674651412
0.7583395107487028
0.6628110760602874
0.7583395107487028
0.7474935016709989
0.6699787083037615
0.6466060181945417
0.6012249064307588
0.6466060181945417
0.6278104462123832
0.5914778491714575
0.4269254093389933
0.46239900559353636
0.6717584369449379
0.6512141280353201
0.4517163939685595
0.26964085297418633
0.449855815443768
0.31540697674418605
0.1599589848756729
0.43349753694581283
0.6115906288532675
0.5286677908937606
0.6030061892130858
0.5196982397317687
0.6030061892130858
0.49382037901675363
0.3710612553566927
0.08118989040483113
0.0
0.0
0.0
0.0
0.0
0.0
0.0
0.0
0.0
0.0
0.0