23.533634559935308
24.123129610015894
25.72205247997772
26.577129060024163
26.013593500028946
25.482118209984037
25.040783590011415
23.35440078000829
24.179171289943042
23.27795536002668
22.513242509958218
23.500163270000485
27.050037830049405
27.519484069998725
32.30068738004775
32.24116804005462
32.25830554001732
31.00857247998647
33.53816791001009
33.35075337003218
32.510109649956576
26.221066119978786
26.314766020004754
33.44488571994589
30.96901720004098
30.867432179948082
32.78999424997892
34.594016799965175
34.099785539947334
34.17042818000482
35.17713601999276
36.39498215998174
35.62360436000745
35.475363380028284
37.6839529100107
39.00367763999384
38.15700885003025
38.62633165001171
38.73657912001363
41.7282704700483
52.27564736000204
55.488751490047434
57.231841899993015
57.426776040010736
61.27839580003638
55.945346580047044
69.04397188001894
70.37563240999589
66.3609975300642
79.31574147994979
81.4109793699754
82.61216275001061
67.32033118001709
87.22131725997315
85.22410525998566
67.79552988999058
56.723132580009406
58.4684813900094
61.154648380033905
60.72745039004076
60.55220540998562
59.512067010000465
47.983971899957396
59.53483242999937
51.6291269499925
61.08347405999666
61.4202527100133
59.32144247002725
62.45770743000321
61.77631266997196
63.30051545999595
54.17634689998522
61.48683356004767
52.9895876700175
54.23471602000063
56.95606695997412
62.95581211998069
87.43944367997756
104.91933134995634
138.5171629999968
142.19039042000077
148.2834218700009
149.6911385400017
156.2423102500179
163.22461333998945
179.17529315993306
181.5817994000099
157.91422725000302