0.0
0.7071067811865476
0.5
0.5
0.5
1.118033988749895
0.5
1.118033988749895
0.7071067811865476
0.7071067811865476
0.5
0.5
3.0
5.522680508593631
9.0
2937.2095601097312
2937.2095601097312
2937.2095601097312
2937.2095601097312
2937.2095601097312
2937.2095601097312
0
0
0
0
0
0
0
0
2937.2095601097312
2937.2095601097312
2937.2095601097312
2937.2095601097312
2937.2095601097312
2937.2095601097312
2937.2095601097312
2937.2095601097312
2937.2095601097312
2937.2095601097312
2937.2095601097312
2937.2095601097312