1.2324471200554399
0.8702082099625841
1.026409039986902
0.879781890034792
0.8595613200304797
0.8702446100505767
0.8962159299699124
0.9304114800033858
0.8751248499902431
0.8907949800050119
0.8461405200068839
0.863788159986143
0.9354666299623204
0.8732537399919238
0.9439942000608426
0.9007058499992127
0.8833453300030669
0.8789922900177771
0.9330146000138484
0.9436702999664703
0.8802255999762565
0.9295249699789565
0.9415189800347434
0.8731548500509234
0.9009300700563472
0.8811467199848266
0.8940499099844601
0.8980346500175074
0.8777794799971161
1.009561409955495
0.8844229399983305
0.9969886099861469
0.9506621600303333
0.9050148000096669
0.8766425799694844
0.988309649983421
0.8900472900131717
0.8901233800133923
1.052161059997161
0.9922613799426472
0.9895348700229079
0.8815717099787435
1.058752419994562
0.8891685699927621
0.8999549700092757
0.9736851500201738
0.863989780045813
0.8992204599780962
0.9939482099434827
0.8296240199706517
0.954826890010736
0.9022276899486315
1.0394470599567285
0.9827154200320365
0.8858316699479474
1.0015403799479827
0.9129801800008863
0.8932762200129218
0.9035687000141479
1.0825710000062827
0.8705348499643151
1.0307645099965157
0.8432442200137302
0.9774830800597556
0.9829947199614253
0.9766286900412524
0.8626631800143514
0.8575744400150143
0.8811789400351699
0.8489201799966395
0.9692070199525915
0.9848293499817373
1.0322597200138262
0.8688174300186802
1.008314330028952
0.8243332900019595
0.8103780900273705
0.8546819200273603
0.8178064400271978
0.8123727999918628
0.9388666800077772
0.8159720299590845
0.8134691000304883
0.8630165900103748
0.8106699799827766
0.8111262800230179
1.1366043599991826
0.9578752399829682