5.522680508593631
7.0178344238090995
6.5
7.0
7.0
8.06225774829855
7.566372975210778
6.082762530298219
6.18465843842649
6.5
5.5901699437494745
5.024937810560445
5.0990195135927845
6.670832032063167
6.519202405202649
6.082762530298219
6.576473218982953
6.519202405202649
4.5
4.527692569068709
3.5
2.5
3.8078865529319543
3.0413812651491097
2.0
3.8078865529319543
2.0615528128088303
4.0
3.1622776601683795
3.5355339059327378
5.5901699437494745
4.716990566028302
6.082762530298219
4.6097722286464435
3.0
4.924428900898052
5.385164807134504
6.041522986797286
3.640054944640259
2.23606797749979
3.1622776601683795
3.605551275463989
3.3541019662496847
3.0413812651491097
3.640054944640259
3.5355339059327378
3.605551275463989
3.640054944640259
3.8078865529319543
3.1622776601683795
4.031128874149275
4.5
3.5355339059327378
3.5355339059327378
4.031128874149275
4.123105625617661
3.0
3.0
2.692582403567252
3.0413812651491097
4.47213595499958
4.716990566028302
2.692582403567252
3.3541019662496847
3.2015621187164243
2.23606797749979
1.4142135623730951
3.2015621187164243
3.2015621187164243
2.8284271247461903
2.5
2.8284271247461903
2.8284271247461903
2.1213203435596424
3.1622776601683795
3.2015621187164243
2.8284271247461903
2.23606797749979
2.23606797749979
2.23606797749979
3.8078865529319543
3.640054944640259
3.8078865529319543
3.605551275463989
4.272001872658765
4.031128874149275
3.0413812651491097
3.640054944640259