7.516648189186454
6.082762530298219
1.8027756377319946
2.0615528128088303
1.118033988749895
2.692582403567252
1.5
9.219544457292887
11.76860229593982
3.640054944640259
4.031128874149275
4.031128874149275
4.031128874149275
4.6097722286464435
4.031128874149275
6.800735254367722
18.5
25.985572920372565
6.020797289396148
14.637281168304447
4.272001872658765
8.514693182963201
7.762087348130012
5.024937810560445
8.06225774829855
8.631338250816034
9.7082439194738
10.111874208078342
9.12414379544733
9.12414379544733
10.111874208078342
12.589678312014172
9.12414379544733
3.8078865529319543
1.5811388300841898
2.1213203435596424
1.5811388300841898
4.716990566028302
4.123105625617661
5.385164807134504
4.716990566028302
4.716990566028302
3.0413812651491097
2.5495097567963922
5.522680508593631
6.5
5.5
6.0
6.082762530298219
7.0
3.0
6.0
5.0990195135927845
4.6097722286464435
6.5
6.5
8.5
9.5
9.5
14.534441853748634
18.0
16.53027525481654
5.0
8.514693182963201
16.00781059358212
34.00367627183861
44.13898503590675
53.02122216622322
64.04880951274582
27.518175811634027
15.890248582070704
9.656603957913983
11.543396380615196
20.303940504246953
4.272001872658765
4.031128874149275
5.024937810560445
9.617692030835672
5.70087712549569
8.381527307120106
10.547511554864494
7.0178344238090995
3.3541019662496847
4.123105625617661
5.024937810560445
3.2015621187164243
5.385164807134504
9.013878188659973
5.024937810560445