5.0990195135927845
5.385164807134504
4.924428900898052
1.8027756377319946
3.905124837953327
3.905124837953327
6.18465843842649
9.013878188659973
16.53027525481654
4.031128874149275
1.8027756377319946
2.5
1.118033988749895
6.020797289396148
3.905124837953327
11.280514172678478
14.080127840328723
21.005951537600005
8.73212459828649
16.62077013859466
4.301162633521313
9.82344135219425
9.219544457292887
5.70087712549569
8.06225774829855
10.44030650891055
9.486832980505138
9.848857801796104
7.615773105863909
8.06225774829855
11.40175425099138
13.124404748406688
8.06225774829855
4.031128874149275
6.726812023536855
5.408326913195984
3.640054944640259
4.924428900898052
5.408326913195984
5.5901699437494745
4.6097722286464435
4.031128874149275
4.6097722286464435
4.301162633521313
6.041522986797286
6.041522986797286
4.301162633521313
4.301162633521313
4.301162633521313
4.301162633521313
4.301162633521313
4.743416490252569
2.9154759474226504
3.2015621187164243
5.408326913195984
8.32165848854662
7.433034373659253
6.5
6.5
12.257650672131263
17.18284027743958
12.257650672131263
2.0615528128088303
17.0
28.5
42.51176307799995
53.44389581607987
57.578207683115664
76.29711659034042
32.00390601161052
14.035668847618199
8.5
12.5
9.656603957913983
5.5901699437494745
13.313526955694348
8.73212459828649
14.035668847618199
2.23606797749979
2.5
8.54400374531753
6.264982043070834
2.5
6.800735254367722
7.632168761236874
5.0990195135927845
5.70087712549569
8.845903006477066
7.158910531638177