0.9745985620002433
0.9266593447741629
0.9244376724431095
0.9212823957346261
0.9088460484290941
0.8278067828182086
0.8405590064791428
0.7875046483420266
0.7679790216469178
0.7843655334385766
0.789969807575455
0.7930015336432679
0.8196789758671964
0.7538090102338502
0.8234747000292288
0.8248553164023005
0.7811908771794543
0.7718952061498117
0.8211867614379283
0.7539823879725301
0.7740935483376924
0.7108726478447355
0.7359437482879758
0.7107056063692003
0.7463245260092495
0.7243702884485377
0.7838356833272608
0.7411207033942647
0.7084982971996692
0.7390057700940562
0.7063055277692406
0.6956521578685545
0.72553778771153
0.7148777497263651
0.6571342468946301
0.7474855292756873
0.7480456813099803
0.76209745030376
0.7444435574005636
0.7230454693374119
0.7947127348422426
0.7182330309649919
0.7184023265338355
0.7219803560123473
0.7346266207148135
0.7320375306733049
0.7365455522213835
0.715327126535289
0.7363608924073638
0.7358259616009959
0.7249798443881356
0.7396320328956932
0.0
0.0
0.0
0.0
0.0
0.0
0.0
0.0