0.8663252300175373
1.0040119999757735
0.8549792900157627
0.7843931399838766
0.8687161400303012
0.8479598200210603
0.9499245200277073
0.9019889000046533
0.8565658099541906
0.9118659999512602
1.058212080024532
0.8641004799574148
0.9792376399855129
1.0266707299888367
0.8505049499945017
0.8501050600170856
0.9414127299532993
0.9683643300377298
0.8568600100261392
1.1123214699910022
0.9354468599485699
0.9889772500173422
0.9772431199962739
0.8614796699839644
1.0150451099616475
0.8980251500179293
0.8845035099511733
0.8680898500460899
0.8950059299968416
0.8433397699991474
0.8479567200265592
0.9176778800610919
0.8328217700181995
0.8550060899870005
0.8673703500244301
0.840112619989668
0.8507466599985491
0.8844823099934729
0.838265910060727
0.8357172899559373
1.0328181099612266