7.516648189186454
7.516648189186454
8.0
8.0156097709407
8.514693182963201
9.513148795220223
8.5
7.516648189186454
7.158910531638177
7.566372975210778
7.0178344238090995
6.800735254367722
7.280109889280518
7.905694150420948
7.648529270389178
6.96419413859206
7.158910531638177
8.06225774829855
6.5
7.762087348130012
7.433034373659253
6.264982043070834
6.5
6.96419413859206
7.158910531638177
6.5
7.632168761236874
7.433034373659253
6.946221994724902
7.158910531638177
6.041522986797286
6.708203932499369
7.158910531638177
8.246211251235321
7.158910531638177
6.324555320336759
6.18465843842649
5.852349955359813
7.615773105863909
8.32165848854662
7.615773105863909
6.708203932499369
7.3824115301167
8.077747210701755
7.615773105863909
7.762087348130012
7.158910531638177
6.96419413859206
7.158910531638177
7.762087348130012
6.670832032063167
7.566372975210778
8.381527307120106
8.381527307120106
7.0710678118654755
7.158910531638177
8.139410298049853
8.06225774829855
8.381527307120106
7.762087348130012
9.055385138137417
9.013878188659973
8.558621384311845
8.5
9.12414379544733
8.246211251235321
8.06225774829855
9.013878188659973
8.558621384311845
8.631338250816034
8.246211251235321
8.558621384311845
8.558621384311845
8.139410298049853
9.7082439194738
8.06225774829855
9.12414379544733
8.73212459828649
8.73212459828649
8.139410298049853
8.73212459828649
9.617692030835672
9.5524865872714
9.013878188659973
10.04987562112089
9.617692030835672
10.04987562112089
9.617692030835672