0.9570168700156501
0.9498330999485916
0.96159651002381
0.9478315599699272
0.9619821300293552
0.9472454699425725
1.0020458600047277
0.9459965499991085
0.986246270040283
0.9481002799293492
0.9606517000065651
0.9464783600560622
0.9601187000225764
0.946264859958319
0.9607182999752695
0.9540043499873718
0.5011434200423537
0.48625638002704363
0.5308027399587445
0.485544659968582
0.5327481700078351
0.4833411499566864
0.49732669001969043
0.48308272002032027
0.4975205899972934
0.48776038995129056
0.4992893100279616
0.48335143001168035
0.49656168004730716
0.4826558299828321
0.49910450994502753
0.48385294001491275
0.49728518999472726
0.48566746998403687
0.49992362000921275
0.48492825000721496
0.4982534000009764
0.4853121599444421
0.4994088099920191
0.4853937599546043
0.4983534899656661